"X1" "X2" "X3" "X4" "y"
3.70757138123736 3.86189300334081 1.62946986965835 3.44227129593492 4.94490888119119
4.74702390027232 4.55801807926036 2.35960017074831 2.49173837015405 4.54846181902966
3.33628341555595 2.76354345493019 3.91768656787463 3.73577076708898 5.82559106284846
2.01141051831655 4.08960632747039 1.6005611862056 2.37078750506043 3.65633876990057
0.857305341633037 1.20152259245515 0.164693440310657 4.91736041731201 4.23413927607082
3.4476176800672 0.375274533871561 1.46714235073887 0.873403280274943 2.14002606879956
4.3878646788653 1.17023253580555 3.142373515293 2.02421866357327 4.4192911726728
1.28867029561661 2.02647833968513 4.97121177380905 0.433995925122872 2.80801521517157
4.40653999336064 2.87520352285355 4.89433240378276 1.67785983998328 4.33930876088254
2.20537884044461 0.274867205880582 4.95214416063391 0.81726172240451 3.19096011027731
4.41495159524493 2.9605565383099 0.613736734958366 4.24034428782761 4.87544891032746
1.42048665788025 1.75087767420337 1.61462133633904 4.67110187280923 6.08073953491192
0.485317371785641 1.60231780842878 3.38632904458791 1.82875302154571 4.05463147514329
3.3903725957498 4.99873085296713 2.79879216337577 4.66087114647962 6.7476757286959
3.21624352247454 1.30121928174049 1.24676587292925 1.36737880297005 2.67423938732773
3.08962983894162 1.35559221846052 2.3359626356978 0.711661296663806 2.48104761935197
4.50349563383497 3.09211799642071 3.43164721387438 1.29313747514971 3.71797804031158
0.109991261269897 4.39727311371826 4.28391774767078 0.394498575478792 2.91409811731737
4.64173371088691 2.38953357446007 2.33417746261694 2.27757390588522 4.06287563800804
2.58976271259598 2.83137532300316 3.28604083857499 0.77453525387682 2.92635343235256
2.76546738692559 0.764415231533349 1.66588527383283 1.83689103694633 3.29427197557206
4.61878701928072 1.90069742500782 2.5787057436537 1.74382284632884 3.61267085647441
1.5921939141117 2.92945207562298 0.695145326899365 2.74858234333806 3.30078344836718
1.04020219645463 0.531086919363588 0.0701353186741471 3.56149215018377 1.64566363912436
2.64866331010126 2.29406343190931 2.45699299150147 1.16445702733472 2.96000843444118
3.00562472315505 4.39795702579431 2.40136215696111 1.64110093959607 3.45139668059966
0.166558342752978 0.573480515740812 1.47713583079167 2.83218101249076 4.51844431450534
3.25764914159663 3.41773771331646 4.04112808057107 3.87915053637698 6.33685557093307
1.57649072352797 4.01149178273045 2.98091865493916 2.80472171143629 4.94924494570813
3.26535250991583 1.03708930313587 3.9820331602823 3.68755882256664 6.40235113161632
0.632612002082169 0.886545071844012 4.52904995181598 2.68804347258992 5.19182173424251
0.439569439040497 4.47330071590841 3.04589631152339 1.58800856792368 3.64186127360145
3.38412126642652 1.45414040889591 3.4961020341143 4.61783078615554 6.95790144530938
2.74215656332672 0.984771650983021 0.837720369454473 3.9026714884676 4.76743477793739
2.74950244696811 3.57325475895777 1.36964397854172 1.42514188890345 2.98622983194512
3.33463356713764 3.72964058071375 4.66663813102059 0.387880312046036 3.18032329585282
0.550835134927183 2.68390008946881 1.07647047378123 0.937793445773423 1.49189570918026
4.67687402036972 1.2261419033166 0.72015447774902 4.6785319945775 5.52423991689618
1.90888880635612 0.328918901504949 0.785416250582784 4.07516301842406 4.6361648844349
0.576870132936165 1.43369513447396 2.61376205715351 1.94293205044232 4.226585950382
1.70697249937803 2.3051729274448 1.90400208346546 3.98422812577337 5.54217220008656
0.53428036510013 1.46555972285569 1.47376218810678 1.61619645077735 2.94096805372115
3.49459486198612 0.60801203828305 3.03596162702888 1.52637166320346 3.73452563181932
0.204490423202515 2.78728661127388 2.68197080353275 0.511405036086217 2.31258381523747
4.67301346245222 3.31284970161505 3.91566786100157 4.79672394460067 7.267000671712
2.02059639035724 4.55807349644601 4.99110337579623 2.63826147071086 5.71005595201572
2.0339054055512 1.91480554873124 1.91376409959048 1.6190974030178 3.24906720686248
0.805126784835011 1.8598173186183 2.17660752939992 3.61587810446508 5.38539187134608
0.179891814477742 1.76498717395589 3.32216231967323 4.29206390748732 6.80654855514098
1.73061674810015 2.72661967901513 3.57364893774502 4.37873947899789 6.65293756110097
0.926526528783143 3.11624610214494 3.84718513465486 0.516648436896503 2.92357882413388
4.30200609145686 0.695242630317807 1.14010866265744 0.946899428963661 2.0718191586049
3.10078862938099 2.58534091874026 0.00984307611361146 2.5131460186094 -1.25946635754431
1.47982221329585 0.695573639823124 3.75378231052309 2.75869454606436 5.23968958839834
4.71811318886466 1.03236450930126 3.20907243061811 4.69394182553515 7.17139950050251
2.15576927294023 1.92244669306092 1.24836300266907 0.781478071585298 1.76748801425775
1.98341622250155 0.542259132489562 4.74032250232995 1.49445150513202 4.41997137137631
1.90770849934779 2.16506749158725 4.80764699052088 3.98302867542952 6.5032237224028
0.0984086864627898 1.49897260474972 1.70872574555688 0.489307275274768 2.34946059522476
0.916005958570167 0.400201354641467 3.54220147710294 3.41691969893873 6.03104665914876
2.5873947632499 4.21635134611279 4.90112876403145 2.61138344998471 5.09827331873902
1.80302989436314 4.3639714748133 2.44484023074619 0.969660964328796 2.59619649635533
3.79368786467239 1.03681918932125 4.51456659589894 0.42677533114329 3.04785060004077
3.62995948293246 3.12375699868426 1.64739707601257 1.0742639133241 3.15529054287431
4.24904401181266 3.51777038420551 4.76945465896279 0.493119902675971 3.23990516698531
2.0292204793077 4.81451865634881 2.78979017981328 3.25323110679165 5.00502415958047
3.5697502468247 0.751087871612981 3.41344789601862 3.50730879465118 5.77742303660488
2.94005844509229 0.744444113224745 1.32964850054123 1.12036295235157 2.33797421587066
2.12816164596006 4.37617338495329 0.213493035407737 4.1026121575851 3.76177485183656
1.59929512417875 0.8199134003371 4.97469157679006 3.64358493476175 6.0501589205302
4.96709419065155 3.79669084330089 2.84465288277715 1.99940453516319 4.15654638648624
0.168060729047284 4.13156189606525 1.35174386203289 0.391509400215 1.71071148029498
3.18354959832504 0.998606907669455 3.65902651916258 1.39474125579 3.65957626447003
0.767454272136092 1.76823245128617 2.38331489264965 1.91093232133426 3.81778072068051
0.196450676303357 4.41999938571826 1.41258800169453 1.22732148389332 2.43746730348593
3.94156969850883 2.09697268088348 2.60757987038232 3.77773521933705 6.02129468357179
1.40153357526287 1.659151755739 2.66605445416644 3.4544289810583 5.40778620042853
2.2976908646524 2.81758130644448 4.60935652023181 4.35341616743244 6.75662967538049
4.54258612473495 0.451322733424604 0.60304161394015 3.80712939193472 4.12200814282959
4.80366053176112 1.39401000109501 4.57349259871989 2.87972163408995 5.79141356143094
4.26778829074465 1.75326859694906 0.138745193835348 4.69176931772381 3.43006863265646
2.09360556676984 2.32674153405242 3.8302013813518 3.20000848034397 5.61641480309534
0.838753412244841 0.0477382878307253 4.91398187354207 1.37991347466595 3.84702040332572
2.99944528960623 4.29456781130284 1.32236258243211 0.923661054112017 2.10127923680444
0.662856484996155 4.48623439529911 2.06043923506513 1.76439313217998 3.33961312603036
0.277864926028997 2.32790466747247 1.22909092227928 1.51363450568169 2.67010097780608
1.88960109022446 4.22416156856343 3.12610357999802 3.15732531249523 5.07768699523232
2.81854734639637 1.48605488240719 3.39683170779608 3.56156548019499 6.13726961058981
3.67267307476141 1.87627631588839 0.465368672739714 2.14748886064626 2.17174030684182
2.95723920804448 0.449022236280143 2.60601452318951 2.00613211025484 4.02454859721915
2.84911661758088 3.72595465159975 3.66252637701109 0.513256979174912 2.72273762566991
3.01664441707544 2.78919795062393 1.43356445711106 2.29919270146638 3.40995876485098
0.694987415336072 1.96591933607124 3.43716158648022 1.50404276326299 3.383693886979
3.36085524177179 2.33234205516055 2.9747365496587 0.639946315204725 2.81058354562079
4.41119980532676 4.87671442329884 1.27840475179255 4.65842347126454 6.22347061397703
0.755844688974321 4.37911118729971 4.45512731326744 4.03919843025506 6.8269832004327
4.2265386483632 2.53498970530927 0.0454773148521781 4.6098815347068 2.45746194356505
0.236062890617177 2.78933714958839 2.02892864239402 1.27800331800245 2.71998789874746
3.77953893621452 2.74354996043257 0.19480497809127 0.275994022376835 -0.116855145719506
2.13571968837641 4.91185009945184 4.37463500420563 1.27772400621325 3.78025099368707
3.87227948172949 4.36542286537588 0.103539953706786 1.25989804510027 -0.259575776702009
3.33406192599796 3.89821248594671 2.39611620549113 2.62026040116325 4.12054532640224
4.39812293741852 0.864152902504429 1.3818311970681 0.0745090679265559 0.951085020179637
0.604123967932537 2.69959994824603 4.24621142214164 0.973827586276457 3.4541198907022
3.78456101403572 1.02963237906806 1.80989504908212 0.180783835239708 1.77622315816927
3.00264623714611 4.36461844597943 0.58975278865546 3.3117435220629 3.8855014133031
2.70954436040483 2.64088674681261 0.21971553680487 1.68350379215553 1.11397592938079
3.03424677578732 3.09499327209778 1.89869532827288 0.98030065651983 2.29810586226536
4.70925573376007 3.16901850281283 1.55473096529022 4.5152867177967 6.21806901115432
1.61342500941828 1.98214862961322 4.45119861979038 3.05929275695235 5.7896753061079
3.09819339425303 2.59481764747761 4.38764346647076 2.6043615071103 4.92252390102062
2.1002931764815 1.58854653011076 1.27216314082034 3.45714006689377 4.6564094066357
0.512235953938216 4.41997759393416 1.5152728499379 0.562243252061307 1.76372836367957
3.77896916586906 3.52016244083643 3.46537455450743 0.060437946813181 2.51325474619064
3.52854220196605 3.68558608461171 4.82900559902191 3.15772719914094 5.59057026814268
0.983720009680837 0.82863513729535 1.46452437737025 2.22454908536747 3.22177537525541
2.02068808837794 0.137343870010227 3.30600752611645 3.54524879832752 5.95010570956468
3.1521688005887 2.47746172943152 4.22451887978241 1.80783350486308 4.47629935315683
4.69347548321821 0.261207565199584 2.37040843465365 0.214213986182585 1.82600608369695
2.98459687153809 4.4136930629611 1.28864515456371 0.153768536401913 1.56405845966198
2.20535143860616 2.72688460652716 4.56127330777235 3.1482069788035 5.96647939298454
3.1753181735985 3.92461614334024 2.15891746687703 4.7228945849929 6.62231873539373
2.34883038210683 0.178905787179247 1.27947546774521 0.654065982671455 2.11846095271
0.326172267086804 1.77191162714735 1.15421337657608 0.259249828523025 1.44815795539629
0.147303838748485 2.20090319635347 1.15188449155539 0.452807808760554 1.50997958970912
2.4076965264976 4.58615266252309 1.94208357366733 3.39951136265881 5.12684454196513
0.54186461144127 4.72176988609135 1.73106934060343 4.85729990643449 6.445423165423
2.8355677460786 3.41059919446707 3.44073852291331 1.48261750931852 4.11864256752006
0.586172664770856 3.86590248788707 4.56657511997037 4.72866600612178 7.0753371743748
1.9264039315749 0.19393858849071 4.46426370064728 3.74747412046418 5.92450634317314
0.5493779189419 3.99138642242178 2.8043806925416 0.094501111889258 1.93170038822119
4.75465965573676 2.36570717068389 2.21656430861913 3.11936217010953 5.05065760245589
4.56758667831309 3.561961237574 2.19223579973914 3.6884247942362 5.33246620340178
0.715870143612847 3.78143763868138 0.673561120638624 2.2722486499697 2.74883021309677
1.38685404206626 4.80098140658811 3.93814531154931 2.92018558131531 4.91851878573638
3.8104662578553 1.84165717335418 2.81607190263458 4.41548709175549 6.4788070278799
4.84435360878706 1.34151837555692 0.0185496476478875 0.31606764649041 -2.49064071225625
0.30239941785112 4.27759185084142 4.4486940279603 1.11013715621084 3.21603005527636
1.46327291848138 0.579108298989013 3.85840213508345 2.76672055246308 5.18916619864162
2.03146269312128 4.40568534424528 0.84934787126258 3.14809511881322 3.89054153821569
4.96793046128005 4.97868357808329 1.9721902103629 0.708869121735916 2.03519300907077
3.25920333270915 3.80794104188681 1.6579121327959 2.70394348772243 4.00391437501483
0.703595285303891 3.0576481949538 0.783512507332489 2.60884807561524 3.28085112442702
3.17737990641035 1.60585510893725 3.20126325124875 3.67639992502518 5.65927017881282
3.56493841158226 4.61447776178829 1.7811149940826 0.871784825576469 2.55431582477908
0.95487873069942 1.45827811793424 3.53658228414133 0.0896089372690767 2.41511223837097
3.45274336403236 0.290033045457676 4.91850655758753 0.196247097337618 2.97528570250577
0.415199738927186 0.538949643960223 4.78676578146406 3.6576674610842 6.2535002392066
2.02615772257559 0.525284565519542 0.38940082420595 3.32180303754285 3.37398236742945
0.597762218676507 4.82919410453178 2.9348888900131 3.49341816268861 5.37045532550379
4.74654206307605 4.1222994972486 2.70949195022695 0.369735821150243 2.46044292610783
3.96022689295933 4.70517661655322 4.66663030907512 3.12726567615755 5.62060666000397
2.65457485220395 4.9271920172032 0.838464581174776 1.73731308779679 2.71769966416676
3.9108045771718 1.67150541674346 4.62508533732034 1.98289623251185 4.60388010611127
2.23588076769374 2.9701160476543 4.15140876080841 3.97044659010135 6.12780391855534
0.729477228596807 0.482281597796828 3.16773991449736 3.00412872456945 5.38909555574462
3.20015530334786 4.94821265805513 1.25816182931885 3.05782477604225 4.22232055809375
0.894419372780249 1.55447595519945 4.14165933383629 3.05480520008132 5.15806413570242
0.232311479048803 0.198084792355075 2.40235807024874 0.989634342258796 2.83545805574628
4.21435414231382 4.47328388225287 2.43601604714058 2.11467218236066 3.57582828306989
3.96936710807495 1.80570756550878 2.08087284001522 3.15863508614711 5.12062403089845
1.0803226637654 3.49093143828213 1.46968365181237 2.28483074111864 3.97729746430357
1.55909093096852 2.27088316692971 1.70045068953186 0.505089435027912 2.00334747714652
0.90877391397953 4.32015740778297 4.16556141804904 4.96657635318115 7.44660944989019
3.90031449496746 2.99450793070719 1.36794047430158 0.0750323967076838 1.21805141006289
0.834776783594862 2.70120604662225 0.711995422607288 1.86080432729796 2.7038981224639
3.22335725068115 2.10817609913647 0.786619252758101 4.02889182907529 4.4999600293614
4.35635367408395 1.74173671635799 1.31292341393419 3.13318989588879 4.69168187531739
2.92986207292415 1.35034794802777 2.67625935724936 2.99034898751415 5.05684634006373
3.58033801312558 1.73422840423882 2.81864019692875 4.95471466798335 6.72141259188551
3.88230424607173 4.24036521464586 1.17463422939181 2.76395398075692 3.8543945247352
2.62587639503181 3.08852741261944 1.20592689840123 0.177780151134357 1.61454889337755
2.57100860122591 0.652844548458233 1.091121325735 4.6892392274458 5.63806439868742
0.462685986422002 1.67956646648236 3.57369677629322 2.66980910208076 4.75023703229629
0.931906746700406 2.63941345154308 4.04326077899896 1.94579090340994 4.0572944500467
2.59784743539058 0.591836456442252 3.25841079698876 1.43202643375844 3.78523080226809
2.95425972668454 1.70758168096654 4.19929140596651 4.19230270781554 6.73378635326926
1.33272199775092 4.37923382618465 4.36796184862033 1.74854396376759 4.50832892990481
4.80090190772898 2.5159027799964 0.90432780329138 2.32230117195286 3.0619231981528
0.755710322409868 2.1321907476522 0.232733568409458 3.68954771663994 2.78693177335966
2.25058693788014 0.50394574413076 0.161701537435874 3.60281205852516 2.91941633777011
0.640861842548475 4.8350304318592 4.74029745091684 2.20137506606989 4.52933869969493
2.0757462119218 4.06819214578718 3.50178458727896 4.47357640252449 7.02614957691415
3.23903532582335 1.20338925276883 2.7584609540645 0.529916535597295 2.84355518103447
3.98544333409518 3.82543561747298 3.1600197951775 4.32235234649852 6.41073123767876
0.457477327436209 0.727783543989062 0.389259763760492 0.161079480312765 0.214914260821281
3.44584531150758 2.36843585502356 0.492810298455879 3.59690786921419 3.79290879184233
4.77201626170427 0.952688701217994 3.63317989162169 1.34600070654415 3.72735023540631
4.18721013120376 1.500807775883 1.34608651511371 0.514440370025113 1.8248212828436
4.24617459881119 3.34804391837679 3.7951874465216 3.98925020592287 6.48292011375447
0.097759289201349 3.25852888636291 2.61102786986157 2.59030816843733 4.66339941532422
0.48309592413716 4.55595976673067 4.1465593141038 3.22730260435492 5.99301249271393
3.12868613749743 0.669595311628655 0.559639326529577 4.48868526844308 4.88777334965089
4.21129653230309 3.80702603375539 0.748862766195089 1.36486889678054 2.1592088431474
1.67061483720317 4.76292152889073 3.68256799178198 1.03870859136805 3.36914687049973
3.91385282156989 4.52236338984221 4.91908655501902 1.202353927074 3.96755494524237
2.88440513191745 2.5553464575205 2.87072167964652 2.15225303079933 4.19494223492528
3.43373183510266 4.44270007545128 3.23883817065507 3.80470396950841 6.11758373075679
3.86761946952902 1.85427776072174 1.65007399045862 1.94481238140725 3.3446199100415
4.78978588595055 4.59109688992612 1.81329434737563 0.494551298907027 2.04241591171582
0.313795993570238 1.40385616803542 0.826576872495934 0.147883736062795 1.03433808896828
3.25316579546779 0.000206935219466686 3.74269296997227 2.13531671091914 4.82074079462275
4.84412140445784 3.71576597681269 0.592954986495897 0.707299482310191 1.31612120924174
1.39172337134369 3.42818904551677 0.372573970817029 2.92851959937252 2.86753106256599
0.0410326023120433 2.88413604255766 0.412932715844363 2.53111176891252 2.74647060685856
0.492477982770652 3.93581231241114 2.23800486302935 2.09802969242446 3.7862400657145
2.09247006801888 4.50216828263365 2.44485979317687 1.58864681143314 3.6058306155712
0.252357965800911 3.41351191746071 0.487429838394746 3.67264154134318 4.06516038811278
2.72246153559536 2.92524907039478 2.87381508620456 0.377966867526993 2.43330679375699
4.11766621051356 0.864198837662116 3.83172235568054 2.77828757534735 5.11168207431229
2.69057083060034 2.64886114979163 1.06119326432236 0.297825752058998 1.36864857155355
4.59629820892587 2.4037968122866 4.93801243021153 2.02630958054215 4.66374437376363
4.74003233597614 3.13556925044395 3.17302514100447 0.79898925148882 3.28541731233144
4.59408874623477 2.63221967848949 3.19513097638264 4.77287760935724 6.92458599892278
3.17005616030656 0.268824703525752 3.92646996770054 3.88323930674233 6.3760031398757
0.946139296283945 1.88464846578427 2.53864311147481 3.36156552890316 5.22661549971567
1.76044783322141 1.4150681020692 2.23231404321268 2.14518942753784 3.67285246202401
2.03950264956802 0.791907905368134 4.42555411485955 1.57959101139568 4.27250835593138
2.65289393020794 1.80214019026607 2.09085712907836 4.63134764810093 6.22146043383183
4.85330756055191 2.86195702268742 1.84781238203868 4.13661463884637 6.09109225167647
1.31319430889562 2.01169139705598 0.165099274599925 1.94451045594178 0.98766872367087
1.78901594830677 3.61368834739551 1.19109009159729 2.92158691678196 3.78825113345124
3.7170903547667 4.37529675080441 3.17223469377495 2.84146210760809 5.214347539476
2.39738996257074 0.762460991973057 0.574304760666564 3.9586405933369 4.07608642352475
0.0497625244315714 0.0713464443106204 2.39229138591327 0.844233450479805 2.82911114606968
0.524516252335161 3.56015453347936 1.69903472415172 1.44185149925761 3.0244878504029
2.98503503901884 1.03432565112598 3.88612289214507 3.14418685040437 5.5299119816444
2.46428038692102 3.54662161669694 1.40713870408945 4.94385672034696 6.42262794438155
3.1053507712204 3.39208153309301 4.81660384568386 4.47238285792992 7.01277317000337
0.270372445229441 2.55854601622559 3.42807799810544 2.37925572902896 4.37199289277906
4.45228473981842 1.29216159344651 2.92061555548571 1.47809805348516 3.51307457673373
1.36685916688293 1.06023933622055 1.76673951442353 2.81926776864566 4.39400501855715
1.54635196900927 3.53356036823243 4.04210608568974 2.11270150379278 4.56537491590078
1.23705984093249 4.86477143364027 3.61806977540255 4.91458532982506 6.96644689547833
4.76883891504258 0.180216232547536 1.61787104443647 2.01248845201917 3.58293690656071
1.5152602980379 4.64602254680358 1.11184686655179 1.41018511611037 2.66397180021448
4.5150737138465 3.78177292994224 4.59095948026516 2.94347417657264 5.82561490799199
3.44512338051572 2.84473253064789 4.08844796824269 4.96441194904037 7.50837676453838
4.44981564884074 2.04165485454723 4.87588793504983 0.194276270922273 2.93268757369088
1.27292484743521 1.6235913883429 1.09224716899917 4.49099156889133 5.72556796447223
0.974421616410837 0.622147469548509 0.760942082852125 3.80474103265442 4.61885170372475
3.96009074058384 0.641726528992876 3.92133453162387 0.951799490721896 3.62861737686633
0.734402049565688 2.28372449753806 4.73109312937595 2.17220418504439 4.71067310811515
3.58475079759955 3.53481409722008 4.40194325754419 0.995242458302528 3.2274188495097
3.14691094332375 4.25773817696609 2.64848983264528 0.0371487205848098 2.33434907890154
4.75340124918148 1.43862045370042 2.14294065604918 0.113006137544289 1.82824651780069
1.97352916933596 1.08581373351626 3.99087219266221 0.790727715939283 3.45469788726473
4.37016245909035 4.76963404333219 3.08521725120954 4.60754690458998 6.58351461269009
2.60252280160785 1.08900402206928 4.07647085026838 2.46522541972809 4.94987409457655
1.84888414572924 4.0981654508505 4.83710090629756 0.674260347150266 3.24438613870603
2.89282803423703 2.83942923415452 0.520077921682969 3.90697886585258 4.06509605487053
0.947305933805183 3.78733313875273 1.49957941262983 0.611776426667348 1.83219865025511
2.97570798662491 3.33715023007244 4.72176708397456 2.87183659151196 5.25849914897166
4.0161865146365 0.949280370259658 2.08238801569678 1.54976530699059 2.97216146277861
0.12871443410404 0.79587280168198 0.684035702142864 0.636107929749414 1.42820524751672
0.132704467978328 4.19665664318018 3.82904638070613 4.26515465485863 6.50238573292491
3.96645143511705 4.55812615342438 2.26341681322083 2.02371138846502 3.6783200141275
3.88325077481568 1.93366212071851 0.0162698782514781 3.87367142830044 0.813557175426944
0.505605889484286 1.11625126213767 0.57828726596199 4.22111134394072 4.77246393631119
1.20530868181959 0.966293779201806 2.39345519570634 3.71805307106115 5.4180453102262
4.91090614232235 3.72199708945118 0.968431188957766 3.40837824274786 4.42118674344987
0.962703123223037 2.44077658979222 1.55850461567752 4.54408444929868 6.06911954907021
2.44522839901038 3.57736088568345 0.00351891038008034 0.482950875302777 -4.22792950681995
0.0996523711364716 0.261780398432165 3.19284601486288 0.936007495038211 3.12064908273954
2.38856565090828 0.93399292556569 4.38017407548614 2.22213322296739 4.83813677514679
0.288000823929906 3.36811058106832 1.3839820784051 3.12774909776635 4.62281544307959
3.00400778069161 1.8211600498762 0.535120163112879 3.24023654917255 3.80560944693116
1.13718940760009 1.72264556167647 4.32478193193674 0.933834646129981 3.2216776814021
3.59486273722723 1.12029063515365 0.626518931239843 4.42330606165342 4.74972692301133
0.401194723090157 3.37030983879231 2.76175735518336 2.78973632957786 5.02582490377771
0.635168296284974 2.68430305761285 0.932998469797894 3.86381567106582 4.70717820655174
1.81060665985569 4.44503911887296 1.44285299116746 4.00647173402831 5.37568616728548
4.78974194731563 4.37020805198699 0.199628141708672 0.525702509330586 -0.029538869220814
0.118971411138773 2.78092999360524 1.43731891643256 1.32720354478806 2.65853112710358
4.95993399177678 2.08896869211458 2.55413086502813 0.0308351125568151 2.1824732033521
3.80254130810499 2.47793959686533 0.904324083821848 0.783818792551756 1.82356193490324
0.914437649771571 0.271622375585139 0.871224097209051 4.85072369570844 5.97570105367557
0.330942393047735 4.61705953814089 1.19317884091288 3.57041580602527 4.61637332750347
0.377825900213793 3.92139152740128 3.14110294217244 3.28479323419742 5.15630642366971
1.42853011959232 1.89019599696621 0.440682517364621 3.02059586974792 3.03936441567882
4.76221584598534 2.90535235544667 3.83966873865575 3.40660467743874 5.49716887298753
3.77426848281175 3.39862224180251 1.6846809303388 0.928630653070286 2.20056247439792
1.30904794787057 2.24836943671107 0.216852638404816 4.15548913762905 3.57138607564346
2.29952826397493 1.02381839998998 3.17981874453835 3.61267859116197 5.8104092614718
3.99774066405371 2.21009402070194 0.358933050883934 2.59834622265771 2.43141913118312
1.64852827438153 2.13789903209545 3.01591746974736 3.17066464922391 5.10843957639507
1.71571542625315 1.10051274648868 2.26147846551612 2.212924544001 4.21268167169421
1.35905628325418 4.05588115681894 3.5789512610063 0.382246695226058 2.81083361746814
4.43542124819942 0.395930767990649 4.85547693795525 1.19413890060969 3.70477584369591
0.223451144993305 3.19397121435031 3.12183290021494 4.96967665152624 6.73994801731447
3.45555355306715 2.69432276603766 1.58110163290985 2.43703791638836 3.55266093413594
3.80538382916711 0.217352212639526 2.86435859976336 4.41368461586535 6.78237345681294
4.79342414764687 0.0243115168996155 2.39514262299053 2.96240242780186 4.81866683508767
2.42779638036154 1.21555451769382 1.64794923970476 3.19577985908836 4.58380259000386
4.43873204058036 2.40759759908542 2.59533926146105 2.24385095876642 4.03305391390084
1.92441619932652 2.04060574644245 0.184625386027619 3.15595276420936 2.86329491560274
1.44054904114455 2.16431543813087 0.444766493747011 0.7229381846264 0.575999693741433
3.99129399680533 2.15655102161691 0.487544771749526 4.30891384952702 4.44815881339064
3.89678474748507 4.61482989718206 1.10342122730799 1.36861037579365 2.32460355199692
3.58358557801694 0.2450723038055 3.48550523631275 3.52743524126709 5.71504131436041
4.4940773374401 2.94672284275293 4.85537785221823 2.67394631286152 5.0243211199859
3.56790339690633 4.42091338336468 2.17470261035487 1.98044673656113 3.50812712730257
4.38995325705037 3.37839524610899 3.46304026432335 1.31851879996248 3.66845914309053
2.98199563170783 3.96500047994778 2.63941864599474 1.04260160587728 2.99172197535593
4.04426536289975 0.922132083214819 2.48430378735065 2.05505079124123 3.63654923576944
4.50550044188276 4.5338444900699 2.24200380500406 3.44442471279763 5.26723762242255
1.23488761018962 4.93451522779651 4.11292739445344 2.0316734618973 4.40411487720463
4.46586455451325 2.11511027184315 1.11377998138778 3.58955665375106 4.6951752414015
2.72484074230306 4.5740534493234 0.653624237747863 1.23969775508158 1.95426315537795
0.788932231953368 4.84608469647355 3.73131770640612 0.224319167900831 2.47875143345597
3.79815283813514 0.998923311708495 2.25495288730599 0.0492763367947191 1.52972121286732
4.31449414929375 1.04327300912701 3.78830755478702 4.56198855768889 6.65954900582469
1.94084226270206 3.38050139718689 0.426676040515304 2.75652475189418 2.49438225217437
4.52987983589992 4.89910461823456 3.90864939661697 4.11766585544683 6.30972908705122
1.59657748765312 1.80860916851088 0.850092821056023 4.75715039647184 5.6344100724762
1.78093058057129 0.132621257798746 3.97026227787137 2.84647361142561 5.46575879233039
1.58516285591759 0.555845268536359 2.50416654977016 1.46085190703161 3.39655383253948
1.75753218703903 3.138480654452 4.32115066796541 0.175022932235152 2.51193827267667
1.7230963637121 3.85412507574074 0.447262177476659 0.305788763798773 0.514291477222052
1.44592783297412 2.13521513156593 1.24108229181729 0.273035576101393 1.69926483516243
2.59993248037063 3.36687556817196 3.35251933662221 0.345949938055128 2.78080385993981
2.1703307563439 2.2463986184448 3.10191917582415 3.0430904973764 5.38747059226281
0.102059775963426 2.9105796595104 4.33960388414562 0.565300475573167 3.14124555378684
4.08597445697524 3.51618220447563 4.39168323064223 2.71322853048332 5.23468064595635
4.67476899037138 1.83396532782353 0.952073009684682 2.90270266938023 4.02731417687075
3.27717096311972 3.69903623941354 3.10079667251557 1.71945119975135 3.78928265620977
3.83736226358451 0.160525302635506 3.47287982353009 1.37296050554141 3.25542649304679
3.02545561920851 2.15925035066903 1.78398362826556 0.765241242479533 2.27541469253044
0.858286486472934 4.8554734478239 2.95697908732109 3.66074628196657 5.56772812735805
1.55618630116805 4.6209820068907 2.5893772195559 0.183983580209315 2.18366734958789
3.54553145589307 4.07802916946821 4.79494884610176 0.164083058480173 2.76448485010325
1.4393293869216 4.76334913168103 4.98590976931155 0.974575178697705 3.46372223685945
2.4256521591451 3.21036506909877 4.74484674632549 3.76808154513128 6.54387574938353
3.5797948972322 3.74900752212852 3.13401511055417 2.09993321215734 4.14101567289664
4.18320523574948 2.9004260385409 4.85229143407196 4.73011953872629 7.54117346197516
1.9793728494551 4.85283451504074 3.03586840978824 4.40689072711393 6.42494731067057
2.68680719425902 2.33479756861925 3.03611618117429 4.62898448575288 6.8582779295999
3.22797908796929 3.06576669448987 2.61568493675441 2.21773589611985 4.16388677895433
4.70263857510872 3.05439286748879 2.57864601444453 3.86815554928035 5.99248453092888
3.27974873129278 2.11439538514242 3.49829665501602 0.325174921890721 2.62366192519329
1.6276716615539 1.48213850567117 0.513625629246235 2.56473702029325 2.92525096910915
2.68899122136645 4.54861357342452 3.63833590061404 2.70042215823196 4.83090816973342
4.69469708041288 3.86488208314404 2.21911294618621 1.53412205167115 3.17532290497033
0.997394194127992 3.18569378694519 4.91814098553732 1.12812775420025 3.76633786971391
4.87338289269246 2.59391038795002 2.20811260514893 1.24519619857892 2.92549498817595
4.49590171105228 4.18100902694277 1.62083680857904 1.76018437254243 3.37999905840882
0.539430021308362 4.24779963679612 0.313305483432487 3.83509830804542 4.05012794901751
1.00049100234173 4.51864901348017 3.56934389215894 0.990732701029629 3.15063594083234
4.97762128827162 3.65277045522816 2.94729200191796 3.20967224659398 5.18754541466329
4.23128062277101 2.60847552213818 4.90750949131325 4.62112080887891 7.2132763755145
2.8500997449737 4.62006608489901 4.60659762495197 2.90443972917274 5.0253493173425
4.09656490548514 3.10099424095824 4.06540662748739 2.38284450140782 4.348813193599
3.04105747141875 2.26976237259805 1.92086273571476 1.36157443514094 3.13553240671351
1.04636778240092 4.72063612774946 4.86483413493261 4.75860340869986 7.13432647607939
0.696185351116583 0.763055697316304 2.88487207260914 4.10784794366919 6.01376282367104
0.0422356417402625 0.509708933532238 2.97822827473283 4.08692027674988 6.08604086191248
2.58579839486629 1.17352101951838 4.86264843842946 2.54542753449641 4.91886380304464
2.88806050200947 2.85230386885814 3.99296945892274 2.56514749489725 5.06514023151667
0.258894076105207 3.78477382240817 0.680102925980464 4.04504760634154 4.91446690619511
1.06879303697497 1.64827178232372 3.2854200003203 1.51657698443159 3.56644785238415
1.22161392238922 1.46494718035683 2.05030666780658 3.37492675869726 5.22217039474785
0.315844201250002 1.02678416413255 3.76981390058063 0.859477834310383 3.26052820298849
2.39302273606881 2.41378897218965 1.24761429382488 3.01214670063928 4.41474231494546
2.20024205278605 0.512407349888235 1.69072699267417 0.295282253064215 1.86275000894025
4.20310552930459 2.67141156364232 2.42874141898938 2.97685801517218 4.76469436029342
0.955800283700228 0.0856433704029769 1.82095854543149 4.44118324317969 5.60380062017565
1.1392540927045 3.16957333823666 3.2993014913518 3.49559452617541 6.16056673101491
1.66603864869103 3.70865699835122 0.944072694983333 1.00605947547592 1.72851817822083
3.75957128824666 0.621490135090426 2.36863343860023 2.5827176682651 4.45808870351957
1.55337507138029 4.02704825508408 1.66800020961091 0.707774719921872 2.09983493338958
4.91654642974027 0.194545732811093 2.11892684805207 2.54202181124128 4.44665581485957
3.709129341878 0.604928387328982 1.84150345390663 1.93892703158781 3.61212131614872
3.52007106645033 2.88476084824651 0.359779427526519 4.89506922778673 4.64751541156989
0.646660922793671 1.65603024768643 0.404849335318431 4.15235138265416 4.09864877547092
3.22171387611888 1.44929326022975 2.34056857298128 0.819433619035408 2.60373408055854
2.28025331278332 4.02174115064554 0.598140833899379 1.83789562433958 2.27621542998987
2.28241990902461 1.09781472710893 1.16367850219831 0.0913027359638363 1.16690431719464
2.89584624464624 2.25665814825334 4.16599080199376 4.74947926355526 6.84030637778625
2.20373738906346 1.53869883506559 1.8425230437424 3.36316437693313 5.09292824241889
3.7914473854471 2.78917647665367 1.44711261149496 1.47932994412258 2.86618503602968
0.241036767838523 2.11822120705619 0.516655466053635 3.40335911139846 3.90458034696091
1.98208227287978 4.90472414647229 3.20794235332869 0.813279589638114 2.84509905533075
4.28209242178127 1.62568680010736 3.39839063934051 0.960463924566284 3.43425305165387
1.8272669648286 4.88546464010142 4.88819737918675 1.37118463055231 4.18301652967178
0.721730388468131 2.76322331163101 1.1578521807678 4.91715088952333 6.0055651107438
4.05770524055697 4.60582905216143 3.46566581749357 1.41356299049221 3.66911601866792
4.640400018543 2.1091361832805 4.62057747412473 2.29672364541329 4.80774576240834
2.77639100095257 4.76015785825439 0.0191089161671698 3.36907063727267 0.305323220656178
1.99859624030069 2.18085846398026 1.50612898287363 3.8038243423216 5.0516747754459
4.29366618278436 3.68436540593393 0.646267978008837 0.679674816783518 1.56925940769463
3.52986702579074 1.61654372001067 2.67226080759428 4.11979341995902 6.1822991771394
1.05445472756401 1.41479785554111 1.12272020778619 2.3640553932637 3.45509305022887
1.36466543073766 4.47494712308981 1.61935362382792 1.68919873307459 3.33035183195664
0.317850587889552 2.5485507491976 1.52253958047368 3.07447154191323 4.6240064426987
2.37973652780056 0.455157256219536 2.23626255523413 4.33228589710779 5.76750397018955
4.63897356181405 0.302230680827051 1.34338205680251 2.21820726292208 3.20609896687733
2.15373118175194 2.05404674285091 2.07873006002046 2.52413950278424 4.37380684989181
2.56814711727202 0.524377701804042 4.66506100376137 4.86807866604067 7.55654896761226
2.83130055759102 3.06868865154684 1.40340979909524 1.66822557104751 2.80004982299918
2.70829348475672 0.932076619938016 4.2220050515607 1.19856475968845 3.51972657217019
1.31494559929706 2.81913458136842 2.98811713699251 2.75009522563778 5.12669873235514
4.35777063947171 4.76205584011041 1.31454404792748 3.34941877285019 4.55856983779513
1.71426011365838 0.395047182682902 1.63473966764286 2.18932050513104 3.81941961134927
4.21910459292121 2.28062735404819 3.18455563625321 1.82576943770982 4.2085120820272
4.99588959035464 4.05994517030194 4.69461358501576 0.335662057623267 2.71470737575436
2.90144995669834 0.95678694313392 4.89358047023416 3.55698115192354 6.17640130218733
1.39543631579727 2.81402631779201 1.55096621485427 1.71125575318001 2.90508971660115
1.93859638064168 0.557621637126431 3.31554078729823 0.118338251486421 2.47268373971571
4.91832122206688 4.29596945410594 2.85510085523129 0.953196819173172 3.09649548394146
0.0674686359707266 3.43186841695569 3.38909075013362 1.38391086016782 3.39847302951727
1.85780834057368 4.18340266798623 4.96308442438021 3.18109470768832 6.00763699770863
1.55714823398739 3.45419524936005 3.00382957444526 0.986554509727284 2.96363988422224
1.16998826968484 4.22035210533068 0.0722261110786349 0.644342242740095 -0.58437040390836
3.97493577213027 3.3319720835425 4.09477457520552 0.361947704805061 2.72899711494331
1.62320955074392 2.49957550666295 2.80631586909294 4.84174870653078 7.10531123415999
0.537915213499218 3.85320179862902 2.52617309452035 2.52967810374685 4.63149716441891
4.51656357035972 0.3901829989627 2.24635181250051 4.997605237877 6.94244270354416
4.71652408712544 4.57666708738543 1.27713231369853 4.57977349986322 5.58248007438327
2.28189926012419 3.02928910125047 3.15232000313699 1.80971093242988 4.18479108099509
4.14427893236279 4.54995725187473 1.51896414812654 3.50894196191803 5.06387671461945
3.37065284722485 4.04385094880126 3.47928766161203 4.31550585781224 6.72691806878667
4.79650244233198 3.98841995862313 0.0544220290612429 2.10878985119052 0.449245576487744
2.4062558892183 3.37013732641935 0.445414714049548 3.28630484640598 3.68224501396732
3.76282053184696 3.73793589998968 0.980062511516735 1.51004509651102 2.42004370619858
3.06697501684539 0.931314523331821 2.97331312787719 0.354494408238679 2.85196966707476
1.90219909418374 3.89949776930735 1.68126731878147 1.33473744732328 3.05654979809635
2.28882833034731 4.34908585972153 0.958001671824604 4.7072190605104 5.73265748719571
2.90684949723072 3.58213637839071 3.25681175920181 1.44321697647683 3.73651836555153
4.12007427075878 2.04013264388777 0.905290549853817 3.65384705830365 4.70106867391674
2.92495521483943 1.69374594348483 4.99391389894299 2.79934522463009 5.30656351717973
2.53042401862331 2.34275169903412 3.71906534070149 3.02526405779645 5.57479391930483
2.63484231429175 3.1636584259104 3.40868237544782 0.232327785342932 2.62869610775633
4.28525464725681 0.446713535347953 2.33840523520485 1.53691002749838 3.33963026719645
1.23794331331737 3.24231069884263 1.97703575948253 1.10125441104174 2.68648208944881
0.421517655486241 0.662756034871563 4.31273144320585 2.65672840643674 5.4463840920904
4.88032083725557 0.953426145715639 2.60433525894769 2.60044101276435 4.52109668760621
1.48946243221872 2.75807530037127 1.16017054417171 4.68894538236782 5.24758211977272
4.91548123769462 0.29883227776736 2.62323700357229 1.19453492108732 2.80726752850219
3.52548025664873 1.30520220613107 3.04675339837559 1.91039215540513 4.31240398143209
3.98506491677836 3.65322691039182 2.33836113475263 0.844393369043246 2.63635898791522
3.68113193893805 3.92562318011187 3.30693617346697 0.790401089470834 2.73725309186367
3.21123114204966 3.75810390454717 4.19749877066351 0.883168507134542 2.91004123378736
0.0746964535210282 3.42263720347546 4.18084498611279 1.55019274679944 3.75327608539715
0.0212579173967242 1.83377112494782 3.87734012794681 1.2963940075133 3.83753545293348
3.34321603062563 1.44066017935984 3.39154478628188 0.715558987576514 3.23860045245176
2.37494324683212 2.04928271472454 3.93519553472288 3.78970545367338 6.17789710021659
1.63489153143018 3.65327346487902 4.15766767575406 2.5392815109808 5.07818152734316
2.1463689673692 2.44037194876 3.69952335138805 2.30153497075662 4.73040051916647
1.66102203540504 3.09866451774724 2.61251601390541 3.28902699169703 5.03715770541986
2.35304042114876 1.07184619526379 0.34296978963539 1.94122808403336 1.81293821704713
1.67106399894692 2.56811181898229 0.771421266254038 0.458641810109839 1.06022391384104
1.2150091433432 3.9830043236725 3.49126384593546 2.25369161576964 5.01534785463036
3.21895707398653 4.74792079767212 0.217203648062423 3.47251771017909 3.03770627798087
3.37760734953918 4.91111405892298 4.23984981840476 3.01898546749726 5.36907664444785
2.99399392912164 2.44198081200011 4.89699344034307 2.98211100045592 5.72485279330547
2.71640900638886 2.4939318257384 4.88433715305291 3.29576822929084 5.79918249354548
0.290147785563022 0.539420687127858 2.77018644963391 1.30195845733397 3.14463373042026
2.00053478474729 0.113741274690256 4.42928529926576 4.52395593514666 7.21698543933468
3.66559518035501 3.74249131884426 2.94473218498752 3.99584089405835 6.33215297272987
3.39832285069861 0.83945466671139 4.21229051542468 3.30098804086447 6.04652249577755
1.30890380474739 4.80542191537097 4.97303012060001 0.575932783540338 2.92969519146679
1.73129503498785 4.00942168664187 4.34524225420319 2.09076688508503 4.78521032836669
2.76987186865881 3.47291240235791 0.661678118631244 0.734446609858423 1.14054062321078
0.510774522554129 1.63991482113488 3.35673237685114 0.324417210649699 2.33740513659817
2.70295178983361 2.02760486165062 4.90258833859116 4.77012721356004 7.20837811483812
3.28212459455244 2.84988115075976 4.08058183849789 2.65708233113401 4.83629363879898
1.61961290519685 0.635008194949478 4.50725299771875 3.51744041428901 5.9152562565568
3.94825435942039 1.70380045543425 4.44670601864345 4.08243601094 6.51941273675588
2.69484542775899 2.65860111801885 3.54456092463806 1.87286888016388 3.90304117669207
4.40171977039427 3.90061690239236 3.11459567048587 3.15776311326772 5.20968070495061
3.91642720089294 4.83988458872773 1.25260752160102 1.13177801133133 2.17235360357103
0.480573617387563 0.64988985657692 2.69344836007804 1.86795662972145 4.20452435304957
0.116770901950076 0.59759518946521 0.673123486340046 4.17428769520484 4.62501895671546
0.129266309086233 0.851260118652135 2.73792961030267 3.17698712460697 5.04541263391989
0.948160944972187 4.51457500690594 3.82757630432025 0.0373038195539266 2.28804878117259
2.73634390556253 0.460370960645378 4.07987655722536 1.78354813833721 4.22620995995416
0.652785871643573 2.35490534687415 3.05238325148821 2.79181887628511 4.95014862808844
4.6121253084857 4.57976067089476 0.76188315404579 0.0478630396537483 0.700687098546809
3.80568090011366 3.02763638086617 0.172986724646762 1.04306702734903 0.548536003607715
0.253319548210129 2.65321369748563 0.888942582532763 2.9123628186062 3.81790498852242
1.43621562165208 2.19852376496419 0.0287281302735209 3.79980737576261 1.14808692537187
3.35617078468204 4.01282195467502 0.846172183519229 1.76436714245938 2.49687625716449
3.12252058414742 3.58200455550104 1.20360276312567 4.16881192242727 5.15317436004289
4.99025811091997 3.08325186721049 3.22166859987192 0.946709517156705 2.5906635237333
2.82440224313177 1.66037701186724 3.85946272173896 4.11910682800226 5.98223059087202
2.32486536493525 3.03193190949969 2.4115747329779 4.82627384131774 6.92323087417347
1.78313565324061 3.94630054128356 1.10527385259047 4.14650991442613 5.50084988532352
0.777079880936071 4.31561331613921 3.32178431679495 0.789585433667526 2.86563607779801
2.17647890094668 2.86231915699318 4.77696211077273 3.16402370575815 5.49046367327828
4.60646678460762 3.8734390179161 3.76305972458795 2.19317186740227 4.3710020715211
1.76555285230279 2.91614506859332 1.70061817741953 2.71676676697098 4.24533358360839
4.3044920952525 3.37313028867356 0.798353259451687 1.83835120056756 2.67564983935704
2.56760692340322 1.41802886966616 2.4787641025614 4.71969263860956 6.84993520629402
2.50437419046648 4.82415335602127 3.00946516683325 0.200411822879687 2.09094293035881
3.59867399092764 3.22062053252012 0.456932077649981 2.04713182640262 2.29825488522414
3.63547328161076 0.503358056303114 0.219071964966133 1.40002605505288 0.615952880454897
2.96843737363815 0.491199141833931 3.02377799875103 1.32009770139121 3.6172203911457
3.40872119064443 2.65939354663715 0.202567144297063 2.56995525211096 2.12928990294166
3.97899327101186 0.401155698345974 0.728945542359725 3.0392882192973 3.69861995755358
0.190387431066483 1.62367156124674 3.85859898407944 4.59176432341337 7.36543372924635
3.38337331078947 1.56354660633951 0.307400361634791 0.322015574201941 -0.00333953601547282
0.759604424238205 3.23305591242388 0.834896572632715 2.50942685408518 3.45138686289882
2.42334301117808 4.22563022468239 1.63975001429208 4.40269209095277 5.9991052452455
1.66485171299428 1.3819909770973 0.0494848017115146 1.07897892012261 -1.06082119937301
2.01567797106691 3.70464776991867 1.72740944079123 0.82175764371641 2.34843437496263
4.97926102718338 2.45768643566407 0.712749173399061 1.35596315492876 1.57591004109079
1.11978323548101 2.15007616207004 3.28938406542875 2.5585216737818 4.69135110501277
3.05874339770526 2.48257545637898 0.350136162014678 2.32227820437402 2.16845526459714
0.418079886585474 1.60966837196611 0.591017240658402 1.68444309267215 2.14528794260761
1.7490427789744 4.20906528714113 1.04233001940884 4.8057796061039 5.41747556334571
2.54331770120189 0.704171131365001 4.48511438909918 4.86742939334363 7.4658424261526
1.2071610847488 2.06766729126684 4.34645164757967 1.42606406705454 4.0012574458564
1.62614837870933 3.07326748152263 4.50908622471616 3.86411054991186 6.6656159593123
0.997582288691774 2.29071012814529 2.29486238909885 3.34680967149325 5.36048821643098
3.43838353641331 4.17869354831055 3.99742082110606 2.95717497356236 5.39868895494447
1.55076537746936 0.960883005755022 3.6836720269639 3.90141404815949 6.32009325323073
3.17113199620508 4.32503763353452 3.60261796391569 3.10463264817372 5.3395196608911
4.76006289245561 1.09647353645414 3.91986818169244 1.2196075101383 3.65294671969658
3.4799260715954 4.03692820109427 1.05350916739553 4.21202917350456 5.14684449213039
2.91836721240543 3.34713728632778 2.82482834300026 4.45946422521956 6.38639819829787
1.52106494526379 2.73095218581147 2.8425220574718 1.30330334184691 3.35937455241642
0.38480248185806 4.82153578894213 2.21944950520992 0.749119635438547 3.00707020003647
3.19397031911649 2.41762057994492 3.52908676606603 3.36266354424879 6.03043123245331
3.90985918580554 4.4434547657147 3.60620145569555 2.58141746628098 5.08178290081419
2.22515554632992 2.71216999273747 1.60658299340867 1.99538105051033 3.31414988711496
3.50262844120152 4.85041623818688 3.39999742573127 3.42662765062414 5.55247375364827
4.01466467417777 1.66737871826626 1.96803318336606 3.4675998496823 4.77079379033739
3.02574371104129 4.6919590048492 3.96722699282691 2.17078820685856 4.92155824912895
4.90474123973399 4.71297375508584 2.05583518138155 4.98705639853142 6.7015480402694
0.563762626843527 3.35512420162559 4.16965679149143 1.93561811232939 4.53133318715454
1.33438450284302 0.0360329740215093 1.94363621529192 0.326951442984864 2.15371614774183
1.01184976869263 1.2745519541204 3.39160659234039 3.11131294001825 5.38748604090885
0.348425208358094 3.79632026772015 4.70260244212113 0.257188463583589 2.65678186621007
4.57192293717526 1.65893911500461 0.5623490922153 4.23780865268782 4.84947902656682
3.71125022764318 4.88665848155506 0.538325894158334 1.94853907101788 2.6142540464609
0.0858768541365862 1.87448203796521 0.563074348028749 2.85037590772845 3.06480389899251
3.24593401979655 4.48507156805135 2.12848245864734 4.7901375091169 6.37421382634941
0.769539133179933 1.74604785395786 1.00301985745318 1.52905474766158 2.41387973619325
2.52194193657488 1.25040298793465 4.51199427712709 1.17536325589754 3.77306397247346
1.39731374452822 2.93254945077933 1.76170851802453 0.647203676635399 2.03639698524638
4.69699966488406 0.831765737384558 0.0403541838750243 2.26102199871093 0.0283223213486904
4.53428457956761 3.92603523214348 3.08996406500228 4.54697550274432 6.80066685192589
1.96236990974285 0.613622108940035 1.08214546809904 0.848877029493451 2.17319874520323
2.60738832876086 3.32066545728594 3.40336517198011 3.58527408563532 5.84788145230429
0.0178013613913208 0.286012979922816 1.88274916261435 3.12485146918334 4.64318957105676
3.16820744075812 1.40219159889966 3.40871107298881 4.11457511363551 6.50829512976786
1.89722835784778 3.80276888608932 2.37211134051904 1.50362875312567 3.51369950546696
3.00760933780111 0.675635625375435 0.908145376015455 1.73625629162416 3.06842311408041
4.12720623542555 2.39613218349405 4.68999725300819 4.74709412199445 7.39972230842114
0.631120717152953 3.35801053093746 4.32704468024895 0.125747997080907 2.83938076672553
0.340820408891886 1.57775938510895 4.39011477748863 1.43528852029704 3.97130375601625
1.40198173699901 4.75472962134518 0.656151071889326 0.813815119909123 1.46710912317744
3.68706894339994 2.03112020972185 2.47108269366436 4.57594828447327 6.55154763063654
4.2117941682227 1.85892158653587 4.95389466756023 2.82452603452839 5.95055140427891
4.30103253340349 2.53332066815346 4.50864002690651 3.56905517168343 6.06882821284268
2.03961073420942 1.76156770437956 2.15720533626154 4.92723504663445 6.72708553361423
3.4641504555475 3.13010574900545 0.480724703520536 1.74932889640331 1.95728499785522
3.31341385957785 0.0809580460190773 0.147195917088538 2.32091178419068 1.89677551799839
1.17708780802786 3.57213948853314 0.336974478559569 3.07696190662682 2.64506985862804
3.15231542102993 0.0657118554227054 2.05128849018365 2.75193619192578 4.4273365891163
3.85026934905909 2.4908246519044 4.35281753656454 3.13090770272538 6.04687937559506
1.57534070895053 2.90782624389976 3.33600056474097 1.80964752216823 3.95433395361364
2.359869730426 1.58563648466952 4.6182596415747 2.97748295357451 5.46066033043983
3.09578786720522 4.957181410864 4.66155627858825 1.8867593689356 4.09477775787298
1.97216739878058 3.25870228349231 1.74941231845878 1.4897750352975 3.00673873678612
1.90192413982004 3.2711983891204 0.0190939893946052 1.37861857656389 -1.58519677273344
0.0360467855352908 1.10531529411674 1.20439091813751 0.952313975431025 2.22956958006009
1.34825053857639 4.41652308567427 1.30516330245882 0.726374561199918 2.1991469013932
4.07571587711573 1.81603814708069 0.586583603871986 2.76101620285772 3.29836397097124
0.337156079476699 1.3962166942656 2.19644799013622 2.58699978003278 4.25888933747844
2.63446339406073 0.784466729965061 3.59255356830545 3.69005400571041 6.33818175977405
4.83820742927492 4.73135921289213 1.4106360799633 3.66461851168424 4.71692480927278
0.999359202105552 4.62816913262941 4.2650268797297 4.85627759597264 7.22536358416669
1.23843246605247 3.48800653358921 0.73249596869573 2.9171982454136 3.8501398277874
3.8114927674178 0.538025746354833 1.90972195006907 2.27752580307424 3.97146555435071
2.20689099980518 1.76392296329141 1.76695270929486 0.979693566914648 2.58510353579872
2.37706133746542 2.60358599247411 1.50128366658464 4.72267581266351 6.1447793093056
1.79841529228725 1.58808744628914 3.70700402418151 3.50416095694527 5.60245057336941
0.714548543328419 2.95897676376626 1.26459758845158 1.00992109393701 1.84477585647095
0.364542563911527 0.994814857840538 1.37131754425354 1.5753500291612 2.92869840124899
2.09989500697702 1.15409909049049 4.67892058426514 1.21904435334727 3.69846989836815
0.930328930262476 2.42268218891695 0.262207156047225 3.61640608520247 3.10029465522474
2.92920509469695 1.6880929004401 1.9582788227126 3.39224959723651 4.91012473420041
2.72233194671571 3.56700814678334 3.70707470341586 2.87414033547975 5.17731118449558
2.60707490029745 3.14929338521324 0.771809809375554 0.734503796556965 1.29172140844257
3.53172329836525 4.95909934281372 3.01965653081425 0.949596911668777 3.36623392798974
3.03130227141082 3.24385371524841 1.88884184230119 2.64508571941406 4.10474205713396
2.84675784874707 3.61679244088009 3.96410120534711 4.76842605043203 7.05436927412986
1.55959866126068 4.53446567757055 4.90344383637421 2.92405385407619 5.55054299087689
1.87450652592815 4.3786282860674 4.71650487976149 3.82922428427264 6.32552063977128
2.17834200360812 1.22572825988755 4.60313712013885 1.68939914437942 3.95073979381789
2.95768887619488 3.21330176549964 3.92250007716939 3.51399402832612 5.88889353962173
4.08172811032273 4.20105004333891 2.227086633211 4.14273133617826 5.76508989765019
2.85316701047122 1.96610907558352 2.08079738193192 1.13579041208141 3.28841913951695
4.06434684176929 4.57708193454891 4.09751224331558 0.497149019502103 2.67377043950371
3.21650638827123 4.93966955575161 4.15880571119487 0.294031456578523 2.85425626770464
2.08032427472062 4.01402457500808 3.79830168909393 3.5262365557719 5.83853118145189
3.85219755698927 4.32178047602065 4.36211084132083 3.68332070414908 6.43418677495377
0.492920246906579 3.63136859610677 4.23891229671426 3.35333016351797 5.46384414048828
1.63414951181039 4.80832561152056 2.52271238598041 3.98128307890147 5.63983803171388
1.86759260832332 0.112078709062189 1.12062989734113 4.37896112096496 5.09407603284315
1.63224388845265 4.81806597090326 2.45962559012696 0.336608565412462 2.48735193970632
0.0408829771913588 2.91654625092633 2.15906505589373 3.29930540057831 4.99603716671816
4.43271397263743 0.982311043189839 1.49320192518644 4.6541996859014 6.08599348656995
0.896919077495113 4.84148577321321 3.52067916770466 0.636440422385931 2.55790112311825
1.83642928255722 2.63594317249954 0.745971150463447 1.12470379564911 1.75687740359275
2.38752790610306 0.952488107141107 2.59684225777164 4.65927183395252 6.66269082101596
3.74729710398242 2.70275484654121 3.02928853896447 1.13934035995044 3.25497023505152
4.67705643502995 1.00528630311601 1.50693015311845 1.29218688351102 2.93727621918273
4.23589623649605 4.27848719176836 2.93622514349408 1.42880593659356 3.37699884421906
3.39217230444774 3.85287249227986 4.12940817186609 0.304056458408013 2.71382055964573
4.23207821673714 1.61374901654199 2.24394173710607 3.75387524953112 5.38850990572778
1.38810470933095 2.36062028678134 3.87539643794298 3.69196683866903 5.86839221341257
2.51645772135817 0.24309923988767 0.12861514929682 4.6570675750263 3.83334644806199
3.2382022368256 3.83335063350387 0.874828036176041 3.0876945622731 3.95183894891048
3.51616677478887 0.913389904890209 3.86822641827166 2.10307086003013 4.60322808838235
4.95524704339914 4.70175260328688 4.77984618628398 0.207695354474708 2.80128201478486
2.99891170230694 3.56908135581762 0.246206989977509 3.9285555225797 3.68345478573487
4.13870119140483 2.89494058932178 0.463944895891473 1.94798344862647 1.72859333893362
4.31948282523081 1.52061160304584 0.153732228791341 4.04794697300531 2.70756331456686
0.387695847311988 3.78870092215948 1.90317112253979 0.774430669844151 2.4867351676988
2.05275856540538 0.890476905042306 2.72006936604157 4.27911516977474 6.30605023944721
1.57819031504914 3.28398913610727 1.7144338041544 0.188579624518752 1.83562301908784
1.21723325690255 4.9299435375724 4.16360389092006 0.896476099733263 3.39274099864769
3.87735988828354 3.50970299332403 2.99347204505466 2.99863015417941 5.29923202840356
2.08020216203295 4.26604845328256 2.81303109833971 0.635528630809858 2.80590370328849
2.75223923381418 1.49336841073819 1.47828732384369 4.48861564393155 6.11167542932226
1.92728279856965 2.45306286611594 1.6923579480499 2.95579091180116 4.60834661000095
0.771261586342007 2.63722003437579 4.634993794607 2.1602887113113 4.6716820892911
4.97294281958602 3.74620431568474 4.07765343552455 0.310953175649047 2.97199527679358
3.97297070361674 1.65898607461713 1.37003682786599 2.05420579877682 3.06990251954387
2.4396004981827 3.68695372366346 0.0933413929305971 0.890241666929796 -0.839298427395135
1.17006688960828 3.23116488521919 3.15240416908637 1.58183101331815 4.15417104984338
3.44506901572458 2.42276925826445 4.52152765938081 1.54819535440765 4.01573883281931
2.27364487131126 4.13441852317192 1.94580468465574 0.700738676823676 2.5868055734522
2.26142299943604 4.77857890771702 2.49416780774482 1.357723796973 3.44025420540178
3.45818492467515 2.71314370445907 1.98249740875326 4.22082107397728 5.4753354574745
2.33735803281888 1.80781469563954 1.05776446522214 2.66528249369003 3.8510753231854
2.71193105378188 2.5702930544503 0.057822996750474 0.859527649590746 -0.770058722352248
4.86761089996435 4.69299904536456 0.519032855518162 1.90981758176349 2.22412147049053
2.39505103556439 1.36560089769773 0.694134596269578 4.48270416120067 5.26357047147808
4.04772063484415 3.73882467276417 2.26231660228223 1.61886100191623 3.1959708277134
3.69836063473485 0.419132289243862 3.24166738428175 2.13392801000737 4.37777457276225
1.609653304331 4.57881744718179 1.03005656972528 1.48289852309972 2.54488162525827
3.90151335159317 0.503851948305964 3.74474766314961 3.71670237393118 6.23235337190749
1.96939348825254 2.52126431907527 1.87900775345042 0.124297927832231 1.98979824216106
2.14409961597994 3.6465629551094 3.15876760869287 4.2290268058423 6.53349801710073
2.31068456079811 2.24402300431393 4.14177683764137 3.05174446199089 5.49765509930429
1.89808901282959 3.68502463796176 3.86444612871855 2.27083042263985 4.7010302706173
1.95589614682831 3.90217906446196 4.95445603737608 2.16518663335592 4.49259107400976
4.41842271946371 4.90205244394019 0.506371824303642 1.63290120661259 1.692358789158
1.04060111800209 2.49794719158672 0.497194459894672 1.57402015989646 1.9447294529122
0.449309581890702 2.94733594637364 3.2738635444548 0.72930603986606 2.9023328075103
2.09178698249161 3.68938861996867 4.10920194583014 3.08382657007314 5.34954602991661
0.715035729808733 0.256525839213282 0.662618648493662 1.37110166717321 2.0823322512871
4.71625659614801 0.184800536371768 3.062793352874 0.107213834999129 2.32624208567981
1.91172916209325 2.98059259541333 1.23447599355131 3.08566047577187 4.31723521352649
2.56117113749497 4.87169386120513 2.66976511105895 2.62874980573542 4.36178733000916
2.28584187687375 4.95415784185752 4.10981428925879 1.37161778402515 3.78574588627801
4.12252955371514 0.390398994786665 4.43940226919949 0.872161634033546 3.57336146191291
0.0938829546794295 2.62038699467666 1.82266801944934 2.05078189028427 3.43088464345151
1.91172512830235 0.668666824931279 1.11456874175929 1.05885657598265 2.21725940353633
0.219630724750459 4.67099907342345 4.02249607723206 4.45669006672688 6.96345985458034
0.340171933639795 2.69361976184882 3.82230428396724 0.285520298639312 2.67975486044709
2.66831078799441 1.860316763632 3.27115454478189 3.81251036887988 6.06042306293825
0.492010546149686 0.572981896111742 3.29878434306011 2.41540804388933 4.53707069581889
3.27680813032202 2.57809950388037 4.94878999539651 4.45107289706357 6.99787332895312
2.23928225575946 2.22561625181697 3.43112394562922 3.13357080565766 5.42390300797056
0.677895954577252 0.958159825531766 2.5415881886147 3.64085688954219 5.53469274058504
0.673707074020058 0.444214774761349 2.12059584329836 1.82412692694925 3.75055864786168
3.10809665126726 1.13745658891276 0.261372384848073 2.11649546632543 1.91446823754352
3.27505152090453 4.49754017172381 1.52606850955635 2.5616092979908 3.94950870829011
4.18717253836803 0.0493695051409304 1.32053746492602 2.79590842081234 4.37237902707968
2.52325100940652 4.0010669757612 2.37324555637315 0.385373233584687 1.96153041101682
1.08486964483745 1.89334909431636 3.30322840134613 4.28072342532687 6.32560708865088
1.1060560925398 2.26690817857161 1.3950972573366 4.35257559409365 5.46354072604368
0.399203068809584 4.91636619321071 1.69340484426357 3.49379671853967 5.20870335276216
2.9863492725417 2.4768249259796 4.40744985942729 0.177440732950345 2.21439667125459
2.4165758874733 2.24486041348428 4.46539506083354 1.65731087210588 4.33424958043466
1.53339407173917 2.97638087300584 0.583056242903695 4.60984007455409 5.222122455679
0.803448886144906 2.92431685258634 2.42808858049102 1.90601140260696 3.49213308249364
2.39840230322443 0.092786168679595 2.60850345133804 0.778751748148352 2.57305293134605
2.84642820712179 0.62653826083988 3.62852769321762 0.543339746072888 2.83812260945992
1.49149837903678 3.84543110849336 4.29223202751018 3.09031004901044 5.16895932280198
1.23378746095113 4.32626133551821 4.48016917565838 3.80106537719257 6.49448836913421
1.4980929333251 1.99823645059951 3.90276122139767 3.02430286072195 5.55665090370434
0.00586151727475226 1.64245148655027 4.80270620551892 2.44087144150399 5.20484910484513
1.58079452696256 0.931107609067112 0.519878807244822 4.84956480097026 5.29407538713602
0.774414191255346 0.487664187094197 0.931588119128719 1.62193501018919 2.04117025787384
1.9454747159034 1.99926896253601 0.0926640105899423 1.99289322365075 0.676582346557661
2.07320785149932 1.4953059470281 1.0246992087923 3.53107573580928 4.36132615364563
0.203613007906824 4.42030707141384 4.17314742109738 2.12754677166231 4.24875388710216
3.93721179571003 3.32583521259949 4.30380892474204 2.78246856760234 5.26145233015606
0.0343779975082725 4.26093502435833 1.68125621275976 4.12461001891643 5.66042612758401
0.522840106859803 1.53455819818191 1.6644432710018 2.26610970683396 3.6996183299931
2.20817746012472 2.21521514700726 4.34073394397274 1.11577136674896 3.70241868876243
2.32450240990147 0.309072724776343 2.71046171081252 1.47995353909209 3.55698823610684
4.36542631010525 3.63970622536726 3.43747213250026 3.82650837651454 6.00138571616679
0.367806869326159 1.59572960110381 1.62354347063228 4.15582621586509 5.5739638894691
3.48594690556638 3.79939059959725 1.90174933406524 2.19009448890574 3.89020667136373
1.77486806060188 3.78091528895311 2.18604302266613 2.3404312285129 4.08172005224269
1.16871242760681 2.05570939695463 0.523602964822203 3.56519376276992 3.74650432022631
1.31545056938194 4.76386795868166 0.754259830573574 1.8326495657675 2.53977673662539
4.47153076995164 0.234345514327288 3.31945230485871 0.220743484096602 2.53261381527721
1.26293913926929 4.72836084198207 0.0884736550506204 4.72320763976313 3.40530884180838
4.74421180668287 1.45848729880527 2.41864735260606 3.1004943465814 5.45600608792711
1.93714639521204 2.30727104470134 3.14188702497631 4.53863178379834 6.72463206335403
0.487705243285745 1.71098365681246 3.48242769832723 4.49575857259333 6.84883604323399
3.17002212163061 0.492114027729258 2.83412892255001 0.85431833867915 2.92977563743973
0.874368248041719 0.648325042566285 1.82331435964443 2.70990064367652 4.69521962185658
1.52425439679064 1.25905075459741 1.98397448984906 0.500179945956916 2.05110347007636
1.17109609418549 3.63888132967986 0.4531095828861 1.30022568395361 1.65569734018035
4.59497980773449 2.62872136780061 1.18691468960606 4.66422891360708 5.8006385824661
3.81141877966002 4.79945784900337 1.06904187705368 3.23169086361304 4.48266857191144
3.36126309121028 3.23731120675802 1.58640330773778 2.26921013440005 3.6130826759744
2.10258877137676 0.469163275556639 0.207689560484141 0.0169540906790644 -0.807924537137077
4.20335678383708 0.649480541469529 4.90489423507825 0.507657179841772 2.96914415450379
1.57741732080467 1.81659919209778 0.930133976507932 2.24360335152596 3.20573581074841
2.3473926645238 0.329722437309101 2.82796787912957 2.68590495223179 4.88306249531418
3.64410777809098 3.01229385659099 0.85690115345642 2.14738946058787 2.65393233971423
4.21420407830738 2.1960956742987 3.22821561712772 2.3996660055127 4.50227085810531
2.89300779695623 3.96157205104828 3.64309381693602 4.53662339015864 7.28856413049439
4.40484436810948 3.09876900282688 3.08541042613797 4.14773072348908 6.23348272313515
2.94366985443048 2.89561220328324 4.63749770657159 3.05472413543612 5.60345853816358
0.0329300737939775 4.89759861142375 2.33112394227646 3.5861612460576 5.45416636734288
2.23314490984194 1.90610658028163 4.64545261580497 2.75633092736825 5.37769465276025
0.00170494080521166 3.44933434156701 1.30537691991776 2.65514103928581 3.92873381873318
0.219758400926366 3.98605226306245 0.274820120539516 4.74190847831778 4.58439901335939
1.78952830261551 3.20581974810921 3.30338235013187 0.290209038648754 2.79673205209067
1.86208285624161 1.5237636025995 3.74329998274334 3.36067579803057 5.71683750544901
2.94941362342797 2.09748403751291 0.969693053048104 2.35730737564154 3.34970937841521
1.65927758789621 1.48365907138214 4.37588426168077 2.48557542217895 5.28569952322915
1.75210646353662 1.46785124670714 3.75201863353141 4.11199442809448 6.32525830184051
1.32137464359403 2.97399727045558 1.6663704905659 0.174941347213462 2.00499419260676
4.34747516759671 0.64188462565653 1.38596183503978 3.4168753400445 4.96273590668843
3.68887495598756 0.418292473768815 4.8400877090171 4.25887098070234 7.14970799579265
2.89635809836909 1.8412442796398 1.38014123192988 2.99763611867093 4.13451437941688
0.0696534977760166 3.80479677580297 0.722459224052727 2.39824100281112 2.93854144361776
4.28387727472 2.64237183029763 0.502000625710934 2.08078530733474 2.55195342054649
3.55927286669612 4.29420202737674 3.38540591299534 2.72813659510575 4.53585111909356
4.31524308165535 4.65628665755503 2.01092842733487 2.36067835590802 4.27785640000517
0.292020343476906 0.0568513246253133 2.11702718050219 0.0526177673600614 1.81040279612744
3.8326507806778 4.6213590959087 1.41543254256248 2.63161937007681 4.28597002264772
3.5987227212172 0.828329126816243 3.77727264421992 4.74672757321969 6.83309052870249
3.74109800555743 0.572963926242664 4.96890695765615 0.533714006887749 3.04826823541346
2.55449406802654 1.911500437418 1.95083162863739 4.21836881781928 6.18224065233411
3.71322174905799 0.638055361341685 0.0769357453100383 1.76165977492929 -0.0595396447595138
0.939360582269728 1.44626916153356 1.05610586819239 3.37398410192691 4.4162771315744
3.58403817168437 2.89597575436346 2.61977748363279 0.637812978820875 2.70835000240078
1.78827941068448 0.197495687752962 4.51668522786349 4.44324969896115 7.26908990973003
3.77092458307743 3.39948790613562 0.763327358290553 0.878169180359691 1.53287128350858
3.40402273344807 4.17238180176355 0.490800939733163 0.0917986722197384 0.19928090112115
1.78003482054919 3.59804114908911 4.934952306794 0.735440388089046 3.04123293277738
2.38206479814835 3.13117627403699 4.06255722278729 1.71556014101952 4.36311382185547
4.85139356926084 0.830329192103818 2.38722299225628 2.38085948163643 4.47095410808072
0.0398104719351977 3.90015215496533 0.0515028962399811 3.90578916296363 1.96433513185642
3.24074168340303 0.880127826239914 3.62359410733916 2.03194029745646 4.2184595787477
1.46790329832584 3.08011093991809 1.73588289413601 0.0597760162781924 1.58878097555895
1.95478259120136 0.790792249608785 4.12637913832441 3.72168130474165 6.0122515179221
3.41572092263959 4.5520368439611 1.77539828349836 2.24153330782428 3.54075090322404
2.49300642870367 2.24156988086179 2.78593943803571 3.79383527557366 5.71009037432857
1.84144430444576 3.04477719706483 0.461522972909734 2.16309451963753 2.76119038955683
3.34368829033338 3.66776788025163 3.31564503721893 1.31959323538467 3.24792890619929
0.99155826959759 1.51671946397983 3.93021166906692 1.36510125827044 3.79360075748157
2.06649839761667 4.19092013151385 0.351157600525767 3.35295461234637 2.9646212415943
0.0795066775754094 1.05831161490642 0.177850082982332 0.691370443673804 -0.256412645115261
1.00012093200348 3.58665972831659 2.96046816045418 3.05422928533517 5.27796828352335
2.69134335918352 3.90258606988937 2.1471751248464 3.69021655758843 5.04663716748566
1.8836628459394 4.04411006369628 2.31223095557652 3.82443615468219 5.67362718506121
1.034233905375 2.18420085846446 2.19264094368555 2.21930695115589 4.40078409933944
0.319345000898466 4.44973927806132 0.612831261241809 4.56388401566073 5.02247754465283
4.88448669901118 4.20923645724542 0.98284415435046 3.82273903349414 4.97121674188057
3.23616272886284 4.95870751910843 3.20564372465014 2.01187839964405 4.20558993172414
4.40279070404358 0.846400327282026 0.0523827550932765 1.1003278393764 -1.20347009724744
1.75629672943614 1.66339865536429 1.4127843407914 1.11475967452861 2.57012699481062
2.89085831609555 0.396262686699629 2.2530620591715 1.5072819951456 2.98541112906146
3.41881958767772 3.42952951905318 2.93085888610221 0.620718523859978 2.40405465857367
3.89274156885222 0.118584525771439 4.99601973569952 1.45477227284573 4.05145323509882
1.85941300238483 2.40803478751332 3.58283206704073 3.34408956579864 5.62281467744904
1.12420280347578 2.78711886610836 4.87620274419896 2.97225777292624 5.2466076103401
3.67809828836471 4.17190521140583 2.87490198621526 1.56793906819075 3.29408859284061
3.99258360266685 4.76748908869922 3.47437952528708 2.95711796963587 5.01587335502375
2.47630584170111 1.27622788655572 3.56907812179998 1.63927802350372 4.39571043559377
3.42396210297011 4.8114615236409 0.210814757738262 4.01005231775343 3.59127221071235
0.271629870403558 3.35143089992926 1.89322828082368 0.297648510895669 1.92990523364129
2.59864014573395 3.55781850288622 3.60938217723742 3.64475478767417 5.6718542805372
3.58563507441431 3.10482197906822 3.44167709117755 0.633347139228135 2.90710740635705
1.98138239909895 1.52901943540201 2.23084374330938 3.32885466166772 5.13374478564489
1.5747584705241 2.42039493867196 3.04052446736023 4.42074848338962 6.16939653133098
1.33344263536856 0.565342516638339 1.01115973782726 2.37822579452768 3.46650969298461
0.797939903568476 4.28705883910879 1.977609382011 1.65102294646204 3.45527872103976
1.2197513692081 0.112071108305827 0.0148583925329149 1.29099931684323 -1.67670032913632
2.2465026343707 4.31374114123173 1.66563366772607 2.20122351543978 4.07259738284806
4.09671905334108 0.906127903144807 2.36721866065636 1.50013962294906 3.33769167154852
1.60568701568991 4.95956704253331 1.39725280692801 3.6663185141515 4.87856554838441
2.0296636770945 4.54266019514762 4.31302582263015 3.32526667858474 5.75984221345748
3.45116522046737 1.42545244540088 4.45026152068749 4.24245385685936 6.62560286715269
2.99176642671227 4.02193707297556 0.93860539374873 3.03868334623985 4.02303959344053
1.91331834648736 3.90309741371311 4.7668686544057 3.65617987234145 6.43326174510556
3.49284948664717 1.14779089344665 0.510342682246119 4.79418710339814 5.29734685248114
2.73054519668221 3.0677995167207 4.69092256505974 1.40826877090149 3.67380364913109
0.48301882809028 2.57333566900343 2.26846396224573 2.31951137655415 3.77971985054086
0.0400038959924132 4.52926953323185 0.145714482059702 4.39192938734777 3.14779808643018
2.93967275647447 2.08276771125384 4.72121764323674 3.8920015853364 6.24193374187971
2.74248445755802 2.18677978031337 1.17298258584924 2.47807019855827 3.87735439557116
4.78376860148273 4.66934903874062 3.93277022521943 3.33663140889257 5.26817491701016
3.24665250023827 3.55385254137218 2.32025257195346 2.10452454979531 3.94368713361243
2.21511268173344 4.08819612814113 3.5892517468892 1.4027942577377 3.86062695606128
3.19321852177382 1.64316205773503 4.21351320343092 2.81167976907454 5.26988694926555
3.49754287279211 1.47144712507725 1.62109036697075 0.760594247840345 2.5372705858454
4.18596162111498 3.05962264770642 1.48703337647021 2.79148682835512 4.08433083983528
2.62052679318003 3.49807808874175 2.74509251117706 0.911601692205295 2.99923627070916
4.48286317638122 2.05977706471458 0.482662781141698 0.423871716484427 0.390839042724357
1.6378978965804 4.89154380047694 2.00865036109462 0.629234722582623 2.61871555446445
1.39991901698522 0.0242515397258103 0.0524033047258854 3.5439494124148 1.86304106526814
2.96652671066113 3.07130614412017 1.17094339802861 3.14457922475412 4.24397946921953
0.670638703741133 4.36193362693302 0.863126543117687 0.724963806569576 1.56182832307743
1.43184044281952 0.796465474413708 0.592180821113288 0.417557407636195 0.868320323494128
2.35471877269447 2.76608050568029 4.29550223867409 4.13486208650284 6.33950153452913
4.4662738579791 4.92957881884649 3.8858136779163 0.978940679924563 3.15384495795672
0.750581377651542 4.91858385968953 3.86357062729076 4.66235959320329 7.01833921196898
0.884779492625967 0.950881098397076 3.32283673225902 4.32256886037067 6.73339181617869
1.15389079903252 0.697846947005019 2.63829511124641 1.43157415557653 3.06152845146732
4.60512531921268 3.43954674550332 3.17385732196271 0.238715357845649 3.06427258792265
0.804483821848407 1.73600187292323 4.68825692893006 2.69707168801688 5.23668874295774
3.82426822092384 3.78702254383825 3.96698902011849 0.265687478240579 2.56902361242155
1.02832306176424 3.82854581577703 4.0863106015604 1.74035188625567 4.02036542192419
4.81268736068159 1.65232876781374 2.28857245878316 4.70134918577969 6.32669128618769
2.14613948133774 3.13012552098371 2.29421982774511 0.891782370163128 2.66399342659044
3.8864273368381 3.55442331521772 2.82412151340395 0.350638888776302 2.49960547519032
2.63807698152959 1.96132982615381 1.85389008256607 3.06242424296215 4.6632052257672
1.93949432810768 2.4487840582151 0.234506027773023 1.68077091802843 1.12033773645119
2.9998566431459 2.40525927976705 3.97076565306634 3.64364234614186 5.83138504896282
0.210530698532239 2.04429373960011 4.23438509227708 4.70245233736932 7.18892059624544
3.65354173001833 0.716438835952431 0.7241997634992 0.46399790327996 0.904507074623335
2.01532351318747 1.17158134118654 2.38955796812661 0.541084338910878 2.61975638374415
1.51948503218591 3.68611661950126 4.78216548450291 2.5676591321826 5.23312896050392
1.77909468300641 3.71603763196617 0.332844435470179 3.7783984746784 3.80273184268169
3.52332411683165 0.308872404275462 4.87873706500977 4.72746982472017 6.82710687482341
2.86037714686245 1.74690022715367 2.37946047796868 3.71446463745087 5.77829033266455
0.0724015384912491 4.06549074104987 3.82957439403981 4.08100857632235 6.60984054761286
1.82598375831731 3.64164786646143 0.59457165771164 4.07791572622955 4.54443585591868
1.17270209360868 1.46898233564571 1.25515214866027 0.184659934602678 1.29030141297684
1.44838431151584 3.41844771173783 0.698094733525068 4.56724715651944 5.33979724303831
0.611372459679842 4.91871827282012 4.60549086565152 0.83884107763879 3.438734583849
1.8488055781927 4.85237119835801 2.99882687977515 3.39442639728077 5.37594724106882
2.19051106716506 3.78301021759398 0.807415549643338 4.02330444543622 4.92019335603734
0.67702911910601 0.207893666811287 1.59306728513911 2.38265683175996 3.88436020704292
3.47569215344265 0.740656212437898 2.04163533402607 3.95856450777501 5.79231944650093
1.66538887191564 0.573745879810303 4.98305074637756 4.10884191282094 6.67898937641052
2.62510683387518 0.0956816738471389 0.0907523941714317 1.19614318595268 -0.251465636800015
2.40472553996369 0.858278220985085 2.4917361268308 2.01859544380568 3.92982752329526
0.889853307744488 2.3588743340224 3.41990505927242 0.272751430748031 2.41050869448714
3.44638576963916 4.47438965318725 1.56865801895037 3.39524302864447 4.77967613514653
1.25328273396008 3.55470518115908 1.20884982519783 2.12200867477804 3.24461529962721
3.43364227795973 2.63061760691926 2.50249068718404 1.27498785150237 3.42679771127147
1.61201968789101 1.34115447523072 4.12333636311814 2.6404465129599 4.97601677528848
3.28422638704069 0.0621117558330297 1.06045594555326 3.54489760007709 4.59250256357636
4.46730938507244 0.19273009034805 0.609154950361699 4.84211543342099 5.60198229425968
1.07691386830993 3.28860130277462 4.90243575535715 4.26099240779877 7.14396026099331
2.9219578159973 0.563076694961637 3.60926880850457 4.93361182510853 7.04111995773905
0.180192750412971 0.679442507680506 0.311602264409885 1.25765852280892 0.916629967544872
4.46026248624548 4.26289925700985 3.96327000111341 2.70859670592472 4.98466087077679
1.86578130465932 3.15541767165996 3.81461052107625 4.90484252339229 7.25176124047326
2.9979215527419 0.973521085688844 4.65323356562294 1.66910865693353 4.21194494139467
0.63380551757291 1.31478997762315 0.26470571057871 1.93153716856614 1.43476394297617
1.91784815629944 4.68657254590653 0.601080354535952 3.13009056611918 3.34812372064513
3.70834253262728 3.416494744597 1.86399532016367 0.337527695810422 2.06774283368093
1.88721890561283 1.845098126214 2.51566737773828 2.06946671823971 4.06729226992772
4.44482843042351 0.564108768012375 3.43154711066745 1.98312922264449 4.58100398212292
1.80126635008492 0.070088692009449 4.58346231491305 3.6427355883643 6.08427145399233
3.10006318963133 3.04945991490968 4.62809940217994 2.50561784603633 5.09357473308262
3.82665774784982 1.03382521308959 3.34436374832876 1.35001488612033 3.77182649919916
4.5550427865237 0.214923131279647 4.6548688726034 3.67430948419496 5.70340947930517
1.35167476022616 1.45690032979473 3.02958480664529 4.08390084397979 6.06577783960563
4.33337501250207 2.11945959599689 1.03005191893317 0.16000046976842 1.10920348947167
3.99719712208025 2.32149713207036 4.46578571689315 1.50933606899343 4.13741945943781
4.56968177692033 0.734970865305513 1.94550392334349 3.61738575971685 5.13931247402997
2.60801232885569 4.86452399054542 4.49432031833567 1.10854556784034 3.38432100385766
0.398586250375956 1.50948261725716 4.96555110556073 3.5461342940107 6.02524488097953
2.23516556085087 4.39815903315321 3.77766659483314 2.59433153201826 5.18215466622735
1.42256856546737 2.80545620829798 2.78500410844572 2.86203839350492 5.03434213098725
0.415536221116781 2.91466614580713 2.28517368319444 0.469200620427728 1.88686415828369
1.32883579120971 4.23251922242343 4.71288624801673 2.06349684507586 4.83799152837456
1.73251958680339 1.79486168199219 2.4198870442342 0.537944986717775 2.71832964425427
1.18339832522906 3.97616229834966 3.27158759231679 2.35153079614975 4.69218198909203
3.58688761712983 1.51509342831559 0.288993975846097 3.43938238802366 3.49533719228705
2.94477969524451 3.69572165887803 2.310049663065 3.43693167902529 5.41659535643297
3.85553988511674 3.01593787968159 1.85576331336051 0.744680501520634 2.05372867524939
3.9805676380638 0.657989925239235 2.37023880938068 1.57672424800694 3.35460253798361
3.85331710567698 4.83717051451094 3.49525408586487 4.69035721034743 7.14748781479511
2.95904825441539 1.1391481757164 0.0268974376376718 2.78687112848274 0.219327019238364
2.22258108085953 0.821557232411578 0.123388634528965 3.22250093100592 1.90303162905308
3.81928216549568 4.59408927359618 0.991489740554243 0.472827567718923 1.17570471096433
1.86016022693366 1.82644982007332 4.66605902998708 0.771940695121884 3.0829057409275
1.91259119776078 0.438599812332541 0.240891247522086 0.279350829077885 -0.0116643610123879
1.49285389692523 4.499145175796 0.183796691708267 1.63155638729222 1.08049186671575
3.19958363776095 4.70962495310232 4.38227508566342 2.56836844026111 5.05961387394358
4.93941647815518 3.05728806997649 3.50560729159042 4.8061440710444 6.95914585741813
1.74148063524626 3.19686862407252 3.59712770907208 0.209453740390018 2.166322309023
3.2740755204577 3.3951347891707 2.47352761565708 1.29380471887998 3.45520696606223
0.435547548113391 1.56673526973464 1.48752647335641 1.39067367999814 3.30554113499642
4.36689945287071 3.56735421344638 1.76017627236433 4.02292656246573 5.51748823991301
0.600596076110378 0.844707962824032 1.3963354495354 4.50255965348333 6.20946445317861
2.70644512493163 3.57911767088808 0.384288269560784 3.80982645903714 3.66696539565862
4.46592205553316 4.86438669147901 1.20558321475983 1.57661857549101 2.9925138657063
1.529835248366 0.566806071437895 3.04122776607983 4.12196792196482 6.52602310513979
3.26755873858929 2.29206651216373 3.06963897310197 3.07671501417644 5.08896575659282
2.41019671200775 3.75965993269347 3.56357424752787 3.10801093233749 5.24664022751924
4.15224664262496 1.78837371757254 0.391634959960356 3.22312562959269 2.95622898146449
0.504494939232245 2.50794852268882 2.51084324787371 4.30730880354531 6.29876703121245
0.0811487692408264 1.23101698700339 1.2129137548618 2.78675517183729 4.17008375733573
4.23164644977078 1.2710212089587 2.8397969075013 1.32015852374025 3.31264993851797
2.4308633711189 4.48144526570104 3.5077763220761 0.985013135941699 3.26888911396169
2.27276001707651 4.04633975354955 0.316373923560604 4.50953554944135 4.33018552963324
4.78645642986521 3.23988815303892 1.90758483950049 0.616635107435286 2.47623849397611
1.08742624637671 1.06682691490278 0.767900762148201 3.35273934528232 4.0330164519596
3.28895891900174 1.08002187102102 2.8309450193774 4.89594039157964 6.80500960594995
2.32868650695309 0.618493455694988 0.835095914080739 3.46396560897119 4.14843564995056
3.80399855552241 2.75850464007817 0.401503026951104 1.28503478132188 1.19613588221449
3.00930349389091 0.326883540255949 3.76103181391954 2.19016093993559 4.67888130402814
1.64801155333407 2.03264511539601 3.22206482756883 2.02257997356355 3.98545391970654
0.650054992875084 2.00553265633062 1.94340481190011 3.4807806101162 4.60220052604381
0.156400895211846 1.80204051313922 3.59311864012852 4.14474117336795 6.3172639479734
0.864239758811891 0.461123457644135 3.74804953229614 3.10346071608365 5.52076336983179
4.91150367422961 0.0737055821809918 0.318713382584974 2.75496322894469 2.45021418179603
0.805267813848332 0.943823071429506 0.711912992410362 1.86893935897388 2.64130277546494
3.72485000290908 2.96327910386026 3.57167175970972 1.69687337707728 4.04846381762939
1.49613240384497 3.13811278552748 1.55908163986169 3.44851942965761 4.9425763744146
3.12675380147994 0.727080693468451 0.0889051542617381 4.02533674496226 2.68555933888236
2.49009262537584 0.17627562279813 1.65241507114843 1.87736768973991 3.41590308719113
0.665954931173474 1.0896154504735 0.55043745553121 2.31432646862231 2.56199160618468
4.1152441536542 1.24826704268344 1.07465046923608 0.7560893392656 1.87156448164401
3.86086056358181 1.1670241819229 1.82367602363229 2.18288857489824 3.91519644419326
2.87951454520226 3.69589235517196 2.02783485641703 0.561985661042854 2.13176236972549
1.9557886198163 2.37366112065502 3.71108553255908 0.540910083800554 2.61073388375081
1.48476154194213 1.23162036412396 3.4628022625111 1.66525979409926 4.01632445656874
2.45952099910937 4.01578135904856 2.49971398385242 0.833216505125165 2.90526453926342
3.1544634338934 3.3954345958773 2.52023252425715 4.80293446802534 6.85609199091695
0.276755020022392 4.3332553608343 1.87563334708102 2.72998822736554 4.63964588080889
3.51689628208987 1.63486388511956 4.86998268403113 1.26724998466671 3.76838476666574
2.98083631321788 1.90823837649077 2.2620535606984 3.42058841371909 5.25384731672791
4.72975321346894 1.21148321661167 0.191622819984332 4.32627535657957 3.81586018011502
1.91697113099508 4.20151155209169 0.303541661705822 3.31791029660963 3.01974835781429
4.75913436384872 1.1181174160447 1.83923610602506 0.289310754742473 1.90774860444851
2.97772686579265 2.92379402671941 2.79158233199269 1.21387948747724 3.11602073704204
2.35744889709167 4.69291089451872 1.11631253967062 1.53876464231871 2.68412388712904
4.71526615554467 4.28932562004775 2.99587809015065 3.57801970560104 5.41636272481838
1.35615421575494 1.88506098347716 3.40626599034294 2.16554539394565 4.63399118130324
3.08437460917048 4.20415291679092 0.0347789085935801 1.36440338217653 -1.06333747933181
2.28348106495105 3.12319994089194 3.59889793791808 4.7655533591751 7.20175932636206
1.73132711555809 4.08986245281994 2.49461501836777 0.678840791806579 2.92933187976388
3.46859633573331 4.22714707674459 4.32274878374301 2.0084291533567 4.53294240697849
2.23955928115174 4.35199183761142 1.88798911171034 3.99685653159395 5.55341036910857
3.0906965455506 2.9362129047513 3.16525202826597 1.76068458240479 3.83251304076633
0.135806959588081 4.46915886132047 1.70381916104816 0.633545592427254 2.47617929209526
1.66744808782823 3.31778038176708 2.75713296490721 4.43556955666281 6.68582465966141
0.971953754778951 1.04726389050484 4.91964422748424 2.77141284197569 5.8964088583805
3.73576764133759 0.0910892791580409 0.483209228841588 3.09117089142092 3.64325068720076
1.22516958857886 4.063284273725 1.15641869371757 4.1256201826036 5.28770713273346
4.9706330744084 0.455894834594801 4.0518016112037 1.55824590008706 3.67096815234546
1.00281202001497 3.36205928470008 0.0152418529614806 4.99471259885468 1.84456636191039
2.32333714957349 2.26588912075385 3.08996234671213 0.532025322318077 2.80819797748183
2.45511030312628 2.72146162576973 2.24332445068285 0.278431070037186 1.72307368089448
0.669495086185634 0.763303390704095 1.34109936887398 1.50795626104809 2.77939920695373
0.0327290128916502 1.46038858103566 0.828117690980434 2.15229397057556 3.17787017929957
3.65648063016124 4.7342631185893 3.75324323191307 3.09748108498752 5.5262359385235
3.35406306548975 2.94448261498474 1.65433677844703 4.61460052290931 6.30932249843956
0.821033628890291 0.167982835555449 1.50181358563714 2.09459114004858 3.28162147571318
0.316656182985753 2.75988470180891 1.89703501528129 1.62581055890769 3.09258115523958
2.00950160273351 2.09710292168893 4.37721381080337 0.75828941189684 2.91097647934196
0.392084084451199 1.66829352616332 1.0780846781563 4.88639068906195 6.04223679180582
2.83037013490684 2.41147973109037 2.5004363944754 1.77411701180972 3.81949639758807
2.73246141034178 4.27200823207386 0.778924654005095 2.05152140581049 2.89638424773687
0.515776223037392 2.46280345832929 4.84091295395046 3.54546337970532 6.05520850634432
2.84965928876773 0.468167162034661 0.0978931586723775 4.96225282084197 3.56970631949506
1.19712565443479 2.15389840537682 0.580978596117347 1.30667324992828 1.65853405570656
2.46384412399493 1.23234815429896 3.47383958753198 3.19714155630209 5.82716922918527
3.39014863944612 1.09245829866268 2.35261972877197 0.730820158496499 2.77432560898254
2.06144578871317 3.24294043122791 2.37491514883004 3.63026661681943 5.67535702516635
3.99169251904823 1.03444354259409 2.35399155877531 3.05342437000945 5.02019194584169
3.37906823377125 2.39654401084408 4.70282280817628 3.9958099310752 6.85483778433378
1.15385323297232 4.43478837725706 0.358679195633158 4.78057652362622 4.81348095008904
4.64641241240315 0.643602890195325 4.91520752315409 2.74087496451102 5.56584370003508
2.57899441174231 3.49321781424806 3.77003001165576 2.62443269137293 4.9956620233785
4.37927350401878 2.79073045006953 2.72091704187915 4.26909176516347 6.27470812213604
2.30761213228106 0.0217538955621421 3.65549527457915 3.59562457189895 5.61175702325648
3.80379577167332 1.72124338452704 4.30282168323174 4.90011468878947 7.41831173410367
0.203880545450374 2.45552564971149 3.84550141636282 2.36995585495606 4.93393032594568
4.33498394093476 3.78626126912422 3.70854956679977 0.409202817827463 2.70275105969012
3.1227498059161 0.545261455699801 4.84992354526184 3.35301061160862 6.08581750115475
1.41251576482318 0.230049415258691 4.28202726994641 4.99019049340859 7.5348772485294
1.24589138897136 2.66915028914809 2.23536717589013 2.33380889403634 4.18877107283581
0.546932710567489 1.68919723713771 1.03610752616078 4.20589648769237 5.25767386332796
2.15565456543118 0.894235472660512 1.16779132164083 4.2115920688957 5.45489587882123
4.15641407831572 2.51836800365709 4.47858113213442 2.31735211331397 5.0223537497136
2.73212268017232 3.61396178021096 4.2507290688809 4.29260610719211 6.51985560029512
2.77216338203289 3.62731773755513 4.91760256583802 3.2661220326554 5.89227935055082
3.23603731929325 2.88951413473114 3.03584974841215 1.87308544991538 4.24431595868731
2.0426548330579 1.68102335766889 1.17575734853745 0.441933595575392 1.60004175062739
