"X1" "X2" "X3" "X4" "y"
3.16059791715816 0.898198449285701 0.546228130115196 2.21634245244786 2.60082642574422
1.41477985191159 1.8377044738736 0.457903299247846 1.95064906729385 2.08665166302419
3.60916819307022 0.902939244406298 4.60660361801274 2.96684500179254 5.09825445220022
1.27224132185802 1.30509399226867 0.963659768458456 1.6922070865985 2.19064820664285
3.70801958604716 1.02800866006874 4.32397494907491 0.273289107717574 2.93547381645276
4.98262330656871 4.38994906842709 0.627929732436314 1.12360422499478 1.6845238254317
0.0826852291356772 1.01383974310011 4.60651166853495 0.761586935259402 3.175029834841
2.90655000833794 4.26624038489535 1.90909065306187 0.793747595744208 2.42761453939055
1.56791153247468 4.97921771137044 4.84015510650352 1.54715032782406 4.22444651636193
4.25505384686403 2.48843944980763 0.0234396941959858 2.92411917122081 0.0770432402566951
4.566004446242 1.73266787431203 2.06483723013662 0.956974404398352 2.77173015343252
1.96012950269505 1.48554745130241 4.59163270425051 3.77302600303665 6.23575334267958
2.95517669175752 2.73808665224351 3.1088449829258 2.53449708921835 4.64505838505195
4.83242221991532 4.33917456772178 3.43607337214053 3.84704494266771 5.92477023386656
1.29687771317549 1.31510722450912 2.08518075989559 1.55553643126041 3.65272144623696
2.77168315951712 1.28082050243393 4.35831132344902 4.25681510590948 6.56296610814808
4.13311510113999 0.452111465856433 2.97265175031498 1.89977666246705 3.95095403864096
0.260782339610159 1.49866301449947 1.49992167251185 4.43379880045541 5.86184995674884
2.67611847724766 0.522532656323165 3.38853427907452 3.50094686378725 5.59427528088651
3.47623231471516 2.81808964908123 1.61861425382085 1.17728234501556 2.8802819459537
4.18332834495232 0.798668483039364 2.77514482615516 3.76901376410387 5.538194237647
1.25293612014502 3.9911154913716 0.0231793674174696 3.8422589073889 1.38156761630325
3.00864094402641 1.91821743734181 2.19346740283072 2.09402944426984 3.91991794246067
3.38375897146761 2.68102359957993 3.48976289154962 2.41924439673312 4.26442904839045
4.31449310155585 3.67217425955459 4.89106576773338 4.69654488377273 7.36699875357851
2.82670084154233 3.41676832991652 4.99143905355595 0.00382375787012279 2.95309208001809
4.00405327440239 1.22135918703862 4.13309744209982 3.64591047400609 6.20979767383339
3.21852701948956 2.98356738174334 3.09734649257734 4.34938817750663 6.48733387259904
4.48886890313588 4.06076433835551 4.26423391094431 1.54845237266272 4.09883315383448
3.40885430923663 1.62366397213191 0.742491547716781 0.526640185853466 0.964497469337332
1.72914561466314 3.2143816316966 3.73554621241055 2.4950040364638 4.82641312983821
3.66712612914853 2.21864462830126 0.266219957266003 2.7808489324525 2.32851204255374
4.68772333813831 1.56667711446062 1.66672733612359 1.54504572739825 3.17302602514221
4.30698286625557 2.19564268831164 1.56275192042813 3.85914070415311 5.25938204167045
4.54774681595154 3.15380280721001 1.36546439258382 2.3925862100441 3.60821164638949
2.03277922933921 4.70869636395946 1.57100662356243 0.681120029184967 2.06007920765325
4.64638164965436 3.11164708808064 0.80218072514981 2.19966863980517 2.9350636408243
4.61419123923406 3.48147650249302 3.43073244206607 2.59555195807479 5.23618855286193
2.51947396202013 1.53894151560962 3.46516927704215 0.698981373570859 2.88548517854643
4.32021903339773 2.64416184159927 3.85815281770192 4.12753429496661 6.37873572355378
4.68079627957195 1.45068881451152 4.37772021396086 1.21230884338729 3.65762948282915
2.27249818155542 3.44170987256803 2.55999160464853 1.35003804578446 3.25173976945117
4.43458986701444 2.32512950547971 4.1363925090991 1.81183826178312 3.96131534245019
0.579868905479088 2.27000047452748 2.75609116069973 1.33187889587134 3.99994312527825
3.86603106395341 1.97406980791129 3.99616300244816 0.734523738501593 2.89372739034234
2.6217859541066 0.535967905307189 0.573222346138209 2.59138872497715 3.0395054936454
0.904880805173889 3.28090672148392 2.54436509916559 2.71813146071509 4.82424288353943
0.333283460931852 4.05417794827372 4.8574351449497 4.23286036355421 6.69545794423164
4.41562192281708 3.34322661510669 4.05520971282385 3.05767442914657 5.80316588823239
2.19355824985541 0.123384962789714 3.80799537990242 1.51500402018428 4.07976142112548
4.01791658019647 2.82843506662175 1.38154770364054 2.00095066102222 3.05645005869545
2.85422189277597 2.30793219292536 1.11650700913742 0.712689039064571 1.60338786420482
2.89496296434663 1.61477798828855 4.98361406032927 4.40869386773556 7.25239538713098
0.305984186707065 4.97241949778982 4.17321604327299 0.512442251201719 2.96729896450282
0.256948419846594 4.74057425162755 4.02543292846531 1.89874537289143 4.43483637524693
0.231438078917563 2.38424958195537 2.10381809039973 1.87301323749125 3.6200893379949
4.99924542731605 1.73236814094707 2.34021475422196 2.06732410006225 3.82016846517712
1.3551091728732 0.333659173920751 0.392450708895922 3.38079729001038 3.49507684440093
0.0298779678996652 2.91208829265088 1.2742970965337 0.574618745595217 1.45333610678868
1.15870865411125 1.50933286291547 2.16292567551136 4.44616382941604 6.21765006139617
0.457805136684328 4.58873626310378 4.05263712513261 3.56642810744233 6.05303124519097
2.8620288555976 4.75480005494319 2.67831948236562 0.891455156961456 2.78542501211291
4.94083716999739 4.70042384462431 2.79552315943874 2.97397525864653 5.04212292009043
4.95226413360797 0.246582288527861 2.74808582500555 0.637432015500963 2.40422449492148
0.167134494986385 0.142282127635553 1.29857734078541 1.19500517146662 2.6686354076668
1.88300508190878 1.03026854805648 0.0747918337583542 3.03828431293368 1.11215177020938
3.18965276004747 1.12578770262189 0.652801218675449 3.53906510397792 4.23223702137701
1.97284643305466 3.28075095661916 2.53152505261824 0.805479671107605 3.18247123255165
3.72542528086342 2.10489819990471 1.25389583758079 0.834816697752103 2.32786304198219
0.324693334987387 1.43936103209853 4.88314613234252 3.49966494948603 5.94421786340946
0.286740867886692 3.67813737713732 2.00534827192314 2.49383475980721 4.05221022850869
4.48705982067622 0.213721134932712 4.50266191037372 4.29047663346864 6.93665117012726
2.44293112191372 1.61612919648178 1.73586723627523 4.48970638681203 6.15677481061629
2.49578737420961 1.69320438057184 1.80647322093137 3.7134856893681 5.19107507998686
0.707272570580244 1.50194319547154 3.34139117854647 1.84218619484454 4.11703746556221
1.89629280823283 0.699596269987524 3.72177616111003 1.12750484491698 3.55403584038112
2.16275115730241 3.72581344214268 1.77336204680614 1.20401112828404 2.84205032500805
2.6987063116394 2.48776970081963 4.23679255531169 1.74113921122625 4.40207927459957
3.57639421941712 0.800331485224888 2.64604115509428 0.756831020116806 2.99998975334144
4.75700209033675 2.57333906949498 0.0310173246543854 0.498265174683183 -2.20423159932906
2.31222929316573 4.96972099877894 2.79914414626546 1.28102974384092 2.96262606590263
3.82710922393017 1.80006096023135 3.56003416818567 4.10694295773283 6.33390961484898
1.85352492146194 0.747745693661273 1.77273741923273 2.0792271674145 3.72745380738215
0.77373840729706 1.53376793139614 4.58010874455795 0.527854234678671 2.87597219897989
4.46845185710117 2.84174855565652 1.19427254190668 4.82382125686854 5.88714828052375
0.162997086299583 0.725224195048213 2.84379111020826 0.526955050881952 2.63994211811176
4.83365625841543 1.18438712204807 1.85850254143588 2.69526709336787 4.25651053571829
1.07783934101462 4.12752546835691 0.92996901134029 0.130052176536992 0.893491922699376
2.26647347328253 4.67758632497862 3.84136787848547 2.07405203953385 4.51838285836052
2.16476044850424 0.70922932238318 3.64103880827315 1.24973129015416 3.53342049569455
2.25436083273962 0.101074993144721 2.01608735020272 0.247806005645543 2.06734174489194
3.87635616119951 4.8324458731804 2.88876042119227 4.42852218053304 6.6378923408805
4.27021541516297 0.609502630541101 2.11750110960566 4.0586132358294 6.16556244831964
1.0412106604781 3.55792537564412 1.34092884021811 2.9165282426402 4.17933151004507
4.36478969175369 2.57003138889559 1.51916637551039 4.80643966351636 6.0769840198672
4.10030653350987 0.239546182565391 2.91507528745569 1.52311415760778 3.92487420618559
0.549626463325694 2.91888364357874 3.00207911874168 0.921938860556111 2.68756561303897
0.176315603312105 1.99255795800127 0.339436249341816 2.58551801671274 2.6185720939754
1.77531198132783 1.08159880735911 1.67165830731392 2.98981452477165 4.59046067300112
1.17108945269138 2.95122293988243 2.42386853904463 2.38571894937195 4.15671203046946
3.41687057865784 1.56441559433006 1.76431771600619 1.94140253821388 3.39446520778091
2.70926417200826 2.17742601642385 2.80224696034566 3.68941392167471 5.46062040408935
3.31605527200736 0.773883382789791 3.68337724590674 1.65493000065908 4.08436782778683
0.358664366649464 2.32236142037436 3.89850539620966 0.00756273861043155 1.99124969888214
0.748654335038736 3.17950918222778 0.134266407694668 1.78017911501229 0.56079432015101
1.2718283594586 1.90464537474327 2.6619237405248 0.948523903498426 2.66617827504464
0.42262809118256 1.77065757568926 4.21814723289572 0.0948230049107224 2.41625569535086
2.56630815798417 0.162155264988542 1.2899131141603 1.47561693214811 3.04638588281233
3.26661032624543 4.57407768117264 0.303158278111368 2.32613533386029 1.87660645055536
0.764769249362871 1.55509729520418 0.111770312068984 1.22307792422362 0.199713131501532
0.87204857962206 0.382132346276194 0.889105363748968 4.23216733615845 4.83493068110949
0.94576820731163 0.375075067859143 4.87025252426974 4.21996027696878 6.4335264422219
3.79803704912774 2.9905170481652 2.41342441062443 3.45677457633428 5.22270252297067
1.34540007333271 2.17618706985377 3.74298276379704 2.24252023501322 4.60617171799479
0.66458722576499 3.18611321388744 2.94543352909386 1.70854156720452 4.19979886849756
2.60806786594912 3.33995390916243 0.974487578496337 3.71064533246681 4.7159481127836
0.978414420969784 4.74058599560522 3.62245454336517 1.99523392482661 4.35975660895487
0.726410757051781 1.17014293791726 1.54105488443747 4.43672813358717 5.74563982783943
2.24912786623463 4.94500264292583 0.320034450851381 2.34646696830168 1.91696862593109
2.91590214357711 2.54000757238828 2.46085732476786 0.035754443379119 1.82130640164235
0.764142865082249 3.37845861678943 2.71290242904797 0.888816016959026 2.98855735946973
2.86586983711459 0.594890186330304 4.46121544926427 4.06565082375892 6.07318191222544
0.598871333058923 3.83766680723056 0.59068325906992 3.10050453641452 3.88066208009862
0.0181383162271231 2.37542125280015 1.42790080979466 1.06019528582692 2.32946519788705
2.56277925451286 0.839255210012197 0.622938766609877 0.350413275882602 1.01285413289818
4.6400823595468 0.338107902789488 0.183468947652727 0.23581484449096 -0.420198168801126
0.428889786126092 0.104312665062025 2.85533735179342 1.99357258388773 3.85808741939005
3.87567818863317 4.43854568176903 3.4572280885186 1.95154434419237 4.24236934210078
3.82334476569667 4.84527283580974 1.51478167506866 2.00740961008705 3.27473845024252
3.14182011527009 3.20233382750303 2.6368503109552 1.43428267329 3.39637921894328
0.650058481842279 0.55149719119072 2.9112434911076 3.05876545258798 5.09533917913316
3.3280933322385 1.87779141240753 4.86308492487296 2.5264023069758 5.13864113345004
4.43844510125928 2.27251858450472 0.415785615332425 2.55674867192283 2.5104102699947
3.26983819482848 1.74676476046443 4.12418833235279 0.694522028788924 2.98355117855444
1.42415568931028 4.71769445692189 2.57205142639577 0.940952519886196 2.97280064914148
0.0433135370258242 2.57536954130046 2.11748154251836 3.76997963874601 5.40806703010867
2.5106596457772 4.42618290544488 4.14835029514506 3.11266660457477 5.69784464254329
2.04162133508362 3.62658248399384 3.30949232564308 4.39145815442316 6.70575209005028
0.184381266590208 1.43011217820458 3.05675359209999 3.93162955762818 5.92149727362911
2.16784222633578 0.106536227976903 2.48064061743207 2.41737260483205 4.57464742871382
2.39364999113604 0.477807895513251 1.38554936391301 1.12649086979218 2.5058201661233
2.51019502524287 4.02249035192654 3.46693341736682 3.45526896766387 5.81425522681423
0.881776394089684 4.38035695347935 2.27302525192499 0.647031058324501 2.20417425858781
3.10965129523538 1.96385599556379 1.63822669186629 4.3515948834829 5.80513530203329
0.668433278333396 3.09085644432344 0.502160679316148 4.41669743624516 4.3660554267555
4.61084452457726 1.92724332679063 3.29931461717933 4.51784696429968 6.75320940090182
0.0175399472936988 1.50165443890728 0.25045681395568 1.63931639050134 0.789251571944918
4.73440968897194 0.0424085231497884 0.285464872140437 3.71372505673207 3.57613063911354
3.65651594358496 3.67354746093042 0.361670005368069 1.44704128499143 1.12999613345912
3.05880266940221 3.88589347945526 2.55098354886286 3.51648168754764 5.32980276768123
2.51361461123452 4.69343621749431 2.2221104928758 2.3106207314413 3.95389421667145
4.60299837868661 2.60164734674618 2.35352735267952 3.57639893773012 5.31932086449411
2.00029313680716 3.0821055022534 3.94189085112885 3.41409163433127 5.59637447157343
3.16191600402817 4.25964326946996 1.92980765830725 4.7412920545321 6.3838677125952
4.89950696239248 2.5004399404861 2.59196771192364 1.75235853646882 3.78740663125738
2.0495553361252 3.74549025436863 4.61520146112889 1.89425445976667 4.55113745778305
1.32618440198712 0.711393671808764 2.12327528744936 2.91284372098744 4.61759182461163
4.34537415043451 1.35390896000899 2.52834786777385 2.54704428254627 4.68311659293517
0.889238690724596 0.393543402897194 1.35581722599454 0.549865231150761 1.85117829109113
0.837122118100524 2.61544679524377 1.38974496279843 3.95530317444354 5.38677752568674
4.33640300412662 2.43751493399031 2.89785219123587 0.644809968071058 2.95093909874804
2.49983876361512 0.867305874126032 0.699451476102695 4.72434577532113 5.18299679111163
2.79931739903986 3.81679968442768 3.56831408571452 0.465646125376225 2.74911180859903
2.68877334194258 3.85591857950203 2.20144842285663 2.40027956548147 3.96047401167639
0.501115174265578 2.82426222343929 2.50124964048155 4.63566458085552 6.59225225229717
2.77192027540877 1.46050174487755 0.686783179407939 2.90568983298726 3.45583871175623
4.31871058768593 4.35315866023302 4.39748958800919 0.681372239487246 3.16570826775197
1.0811420076061 3.89849896775559 0.772371052298695 2.17814508709125 2.80857731969191
0.819029371486977 4.25913039711304 1.88922045635991 3.33992633735761 5.01765346628017
3.7323541729711 2.24513698718511 3.98956360877492 3.90433279098943 6.30485912333118
1.25195376924239 3.36209279717878 3.86667841812596 2.60014589526691 5.1705366520101
0.925054288236424 2.6972072746139 2.72527320659719 0.39520395337604 2.41875884246893
1.34052538080141 3.28514203545637 0.818897630088031 1.72015199670568 2.22952635146344
0.497858257731423 4.33095273794606 0.261031038826331 4.86775197205134 4.54473814725682
1.95789492805488 3.44578171381727 4.80788324144669 1.54810038628057 4.04033308489627
1.14440648816526 4.43166163749993 1.97795110638253 2.62543137534522 4.39261106021858
2.45712922536768 2.6186757569667 1.35644204332493 2.65833007404581 3.69172484902067
2.73751470609568 2.25609640241601 0.868712604278699 0.833134175045416 1.69861116952618
0.736096412874758 4.45093207876198 3.15687808906659 1.93135250592604 4.35678826637669
1.89657822600566 0.290552941150963 4.72656893543899 0.107791811460629 2.67997738265694
4.83767890953459 3.75232548103668 1.95921261329204 4.06318579334766 5.52800536442907
1.04882786632515 0.696401916211471 3.45665075583383 2.53628594218753 4.96392293299282
2.09382637985982 1.32991175167263 3.49282483919524 1.50118354009464 3.99265412082278
2.98738825367764 4.92332914262079 4.84605423174798 4.62716059642844 7.16416576812259
4.42039976129308 1.93269620416686 1.26126115093939 1.22883776668459 2.43578464599303
4.31338086375035 4.89728078828193 1.97812172700651 2.17893288121559 3.76890549135709
0.837281311396509 4.38229568186216 3.23847898747772 2.80741182039492 4.98476554030775
2.53183250082657 2.68525735358708 3.15611404832453 4.26060197758488 6.45022305265211
0.768583137542009 4.32947784196585 3.8186345435679 4.70903733628802 7.40397247618951
2.51753460150212 3.94446440855972 2.0162410417106 1.08323588268831 2.88638553708089
3.96556615596637 2.09514265879989 1.93576666293666 1.04872214258648 2.77099715368985
0.149115961976349 4.32939342455938 3.68954500067048 2.44824069668539 5.03202480387091
4.89243052550592 4.27438266109675 4.24305459950119 1.47237431607209 3.91899933798339
1.78041761857457 1.39120559557341 2.6259775517974 1.06676001800224 3.35224703451804
0.685050203464925 0.538736771559343 3.42170990887098 1.76318713929504 3.98470310962128
4.40179567667656 1.24758683610708 1.53198858723044 0.821643547387794 2.00095375952293
4.3213769281283 3.49084406741895 0.516680700238794 0.0100570532958955 0.379351536943564
1.93529893876985 2.21863369457424 3.16600254736841 4.15075600147247 6.57094754584034
0.516351922415197 0.787625352386385 1.19619030039757 0.755247590132058 2.10972136188127
4.44024137337692 4.11613737698644 2.58107786299661 2.16551700374112 4.1315713255686
1.88372178236023 0.53297633654438 3.78517386270687 0.0734302669297904 2.23941645492947
2.35771604115143 4.05045069055632 3.91049570403993 0.729064443148673 2.77473823530719
1.03198834694922 0.486769187264144 3.07154079782777 4.9632804794237 6.94615328828221
2.15813976014033 4.73422599956393 0.901558077894151 2.11494001792744 3.32889145717328
2.85823504324071 2.02737663988955 2.39138697739691 0.820062374696136 2.75916476837768
4.83379059587605 0.706947718281299 1.49062932352535 1.56837066984735 3.07412477634552
4.98988558305427 1.67000254383311 4.73712080856785 3.75438690185547 6.54600899350757
3.52506149210967 4.3252569984179 2.82470186473802 0.074066094821319 2.1097131617595
4.68732361565344 1.14298161701299 1.19716583401896 2.42715939413756 3.51537357157974
0.540193016640842 3.32737721153535 3.90996159869246 0.628992868587375 3.00251630877042
3.39729885221459 0.632356319110841 3.33206080831587 2.58447747211903 5.20257021402555
4.56680036033504 2.41002457798459 3.93094646628015 3.5000501840841 5.70900170229897
1.46874584956095 0.825077863410115 3.66077007725835 1.6883779305499 4.01184436789094
3.83361235028133 1.62284658756107 0.378657745895907 4.40854070708156 4.32565940723085
0.227357322582975 2.38359834998846 3.52468357188627 0.605483405524865 3.06047226715718
3.78836334566586 1.67892703437246 2.74666031007655 0.465545711340383 2.13000349200999
1.72394485212862 1.36309611843899 0.803461263421923 1.94690984324552 2.7104839550347
2.28086573886685 2.94752848800272 0.872094860533252 1.66522344807163 2.65726721396635
4.12399315857328 2.06143758143298 1.79602192016318 2.22593564889394 3.55277512310501
3.08966821758077 3.39543113252148 0.13225004193373 3.67068523890339 2.5091120712518
2.52503694151528 0.272951246006414 1.61563461413607 1.72594685573131 3.16242172629957
0.0484801223501563 4.03749453835189 3.37479155045003 1.16839672671631 3.36660505268582
1.72954992274754 4.97642180649564 0.276908096857369 1.94955496117473 1.759040965325
4.79729599202983 1.24200542573817 1.51466451119632 1.53977370937355 3.013523175567
4.61320579168387 3.02289755782112 0.448974195169285 4.90748907439411 5.0193505299997
3.46221859217621 3.60446117585525 4.63588870596141 2.31982126599178 5.08369569767278
0.359525849344209 1.85771850985475 4.37435421394184 3.74623801675625 6.32726815163885
1.70040138065815 0.149612075183541 3.13217664253898 3.08887278195471 5.42922456107704
1.4073564496357 4.27498535951599 2.53904208308086 3.31209547119215 5.11462158028182
1.10245378338732 4.96840398875065 3.22311523719691 4.11839472479187 6.47090391036376
4.03348940773867 1.44543783273548 4.61323046707548 3.59798349905759 6.01454326713466
3.31405806005932 4.48648864054121 2.0270962791983 4.04544291668572 6.02497483278666
2.37324145855382 1.83759601088241 0.562620068667457 2.81365041970275 3.25426386092691
3.92194594605826 0.110934764379635 1.48863486829214 3.27021676232107 4.92702580721418
3.07970388326794 3.83660025312565 2.43384647881612 2.20283411326818 4.10301736073992
1.58845309517346 3.14709896571003 3.42068855883554 4.49491658364423 6.50604666819555
2.12441417737864 2.14980351738632 1.32669179933146 0.0919787550810724 1.31766770096253
1.28498002886772 1.06651579379104 4.61990179261193 4.33607766870409 6.88717148436556
2.41990633541718 1.22967581264675 2.92267090175301 2.87114791688509 5.01289282411813
1.01147462963127 3.31167555064894 1.57852466334589 1.55803388450295 3.05201712314065
4.22049126005732 3.9652969269082 2.71776343462989 0.344383550109342 2.43869355213452
4.00726333493367 0.265261705499142 3.2342102273833 3.91091691912152 5.91030975211058
0.961796073243022 0.59694221126847 0.980192630086094 3.46451894380152 4.7258694836936
0.329229804920033 1.585766520584 0.219418498454615 4.71526667824946 4.27472875293265
3.91175242140889 2.21017314353958 2.73479660507292 3.98593934485689 6.38875550449161
1.08615169185214 0.926477545872331 4.64271914912388 1.42958257813007 4.08078173727934
4.8414001846686 1.87223682063632 3.27498843078502 0.94021549099125 2.97211618076646
1.22572864289396 4.28372839000076 1.56569284386933 0.623483295785263 2.30038756788327
0.424596047960222 4.25269585219212 1.20776219526306 0.106063452549279 1.17434513599454
3.60968716209754 2.14447427424602 4.85342016094364 0.259339446201921 2.53346801842547
2.54723346559331 2.87456587539054 1.54133193893358 2.2100675245747 3.64079348484905
4.86501826904714 4.04265834251419 2.17983768321574 4.21706345980056 5.90254903235722
0.497000147588551 2.44205097551458 4.86194237833843 2.6902587141376 5.7182023659107
4.47368301567622 2.69966196035966 4.00383351487108 4.8096303071361 6.89971308976668
0.622558338800445 0.315287527628243 1.82163438061252 2.48969365027733 3.94256118957772
4.64793141349219 4.31319442461245 4.93836103822105 3.05889021838084 5.87070643666178
1.23153166496195 2.60564954718575 4.0789681149181 1.88580407062545 4.29832242408996
4.32307264185511 3.79760160460137 4.03500385931693 1.3310696289409 3.92829382341236
4.99068238306791 1.79591252468526 2.90616809041239 2.87861040444113 5.17476550561715
2.3127424181439 4.1628296894487 2.48161030933261 4.73920201766305 6.43461082141261
1.6852627939079 4.11885214736685 1.14106405409984 1.70073357177898 3.12334915047268
2.6256383699365 4.98577517922968 0.569035231601447 2.55337356356904 2.92472892704307
4.85051813535392 3.65881589124911 2.21224547014572 1.51247362722643 3.2967313200412
1.89099132898264 1.47245964966714 1.90122871077619 4.83314573066309 6.03593755600321
1.15816587465815 1.49389585363679 3.72656270628795 1.32864059414715 3.58982529870302
0.669175127986819 4.06423625885509 2.58285651449114 0.644057764438912 1.86163440484756
1.88257176312618 3.29817411024123 2.76315581169911 4.7828829579521 6.75775844919657
1.72727690311149 3.80063476972282 4.92222039960325 2.87320899777114 5.47021273183498
4.89200331852771 4.06807845691219 2.60762915131636 1.3799600477796 3.01840949473124
3.56695431051776 4.51614004559815 1.74062622943893 1.26347714685835 2.48541831171778
0.859634070657194 0.628558581229299 4.55058664199896 2.97317172051407 5.65865795909139
2.44324346422218 0.0693479040637612 2.29880857747048 0.582013686653227 2.27618798002708
0.940245543606579 4.26877158228308 2.13295969646424 0.00619199359789491 1.52298933195382
2.23828052170575 2.66609217389487 4.69503479078412 1.27787153120153 3.87737600319729
0.382528412155807 1.43305954872631 1.4482222427614 4.91519199800678 6.33381614774723
0.621890895999968 2.86366276443005 0.317533374764025 2.0234174572397 1.75980339852691
0.312222960637882 0.311269995290786 4.11598519305699 3.65286221844144 6.17219372333889
4.72026801784523 4.68769405619241 4.58696197369136 2.59462933987379 5.21769608078035
3.87421443709172 1.61734574707225 2.55372649990022 2.84989585750736 4.89601304934432
2.64916618005373 3.30918388674036 0.710819497471675 1.51183601818047 2.38819906948276
1.20564401266165 4.12133780773729 1.64567742031068 3.60357056953944 5.27204637854372
0.651995582738891 0.15726629877463 4.86068531405181 4.49151866720058 7.35882729942048
3.5376477020327 0.290321187349036 3.15991235431284 3.74908654484898 6.01241508812961
4.60083370795473 4.35204385546967 0.237114524934441 2.81909738550894 2.62690192443541
0.551569889066741 4.88046098384075 0.255649938480929 1.87291633570567 1.56691576516049
4.41050685709342 0.970214202534407 1.01974678225815 2.75715538416989 3.84892291081492
0.883530256105587 2.3110954137519 0.975948327686638 2.98188404063694 3.80640833359555
0.872380986111239 4.87955991411582 2.17775173252448 4.0851964126341 6.20394834532297
4.29452215903439 3.80202633794397 4.87637140904553 1.71167096938007 4.46229338750309
1.13245934364386 2.54737266921438 3.91640289570205 2.14025039109401 4.24102786001986
4.28095111157745 3.63904585014097 2.17233522678725 3.0221916269511 4.96553793285181
0.480902419658378 2.1673487056978 4.34845643932931 1.38790157157928 4.13976101845465
4.46433335193433 3.64196285954677 4.80554489069618 0.761953893816099 3.61550151364719
0.740591733483598 0.78649491420947 4.13769007660449 2.01409090310335 4.4829417648899
1.75481331651099 2.15251317596994 0.189905916340649 1.36889265733771 0.89457223413647
1.04732113541104 0.803698863601312 2.30129846604541 0.943450775230303 2.76476435011232
1.78534112870693 0.524341271957383 0.579638523049653 0.936036225175485 1.75948505510016
3.11930038500577 0.680371213238686 2.96638543251902 0.629110573790967 2.54411927743128
2.86585827358067 0.52836655988358 3.91486856970005 3.86468351818621 6.47958036236958
3.87727170134895 1.97114676120691 4.02537411660887 4.85230822931044 6.96488244854394
3.59435473452322 4.39796854741871 4.55675901961513 3.25598413124681 6.06634229701721
0.25246997945942 4.51238741632551 2.33633606228977 2.02799499966204 4.26714709758383
3.16318590543233 0.602023308165371 1.76593755022623 3.81865608273074 5.50559347762417
1.55429225298576 2.23918428760953 1.08563410816714 4.22303423169069 5.59278643634916
1.8380809633527 2.49743374763057 2.12166576413438 0.227578775957227 2.0824618535178
0.219853091984987 1.79390583885834 0.19102065009065 2.50009105773643 1.89054971515005
1.66928857332096 3.75703216879629 4.82358163222671 0.318972646491602 2.77071392270532
2.93815164943226 2.75109473383054 4.80160261271521 1.43359934329055 3.98802029454517
3.8998498651199 0.343320401152596 1.57459494308569 3.21358901332133 4.54522247347358
3.71449968544766 3.66361218737438 1.28821371356025 1.35835494147614 2.77528902223785
0.842268711421639 1.67731827357784 4.13864355068654 0.572119913995266 3.0042997056056
2.51625857898034 3.73068394837901 4.87974860123359 4.86494965734892 7.63293286555515
1.8941319512669 4.53064840054139 3.46825242857449 2.5978475715965 4.92298340060114
2.81996832694858 2.08470003213733 4.49549731099978 2.65253192046657 4.99821964127081
0.692415781086311 0.554128087824211 2.656223338563 3.41160858748481 5.55494480715858
3.58903353917412 0.541046060388908 4.778108013561 4.53850680962205 7.44705886457426
1.14397461293265 4.07230383600108 3.21526226471178 2.85124124726281 5.02454189567189
2.78502778499387 4.38350128824823 4.55583430593833 2.76898473151959 5.11789279970483
0.133156077936292 2.76536575169303 2.96421355218627 1.10653147101402 2.99863232191591
0.748147630365565 2.33180965296924 2.29618989629671 2.2204330842942 3.99845763728161
3.36064964300022 3.20681600598618 2.14101418154314 4.77948253392242 6.54147714273932
4.21052089892328 1.29322310676798 2.09127868409269 0.480721773346886 2.35063518756769
4.07598290708847 2.7802365378011 2.76261882740073 1.98696286417544 3.94560081564833
3.39410113287158 0.744872586801648 1.6654515650589 3.08253806317225 4.57692871112276
4.23691316624172 2.83331528073177 1.9564783712849 2.37629728624597 3.96675389626784
2.51704993192106 4.34839529683813 4.89925210480578 2.14372182730585 5.00733644406006
1.26839165575802 1.19236500700936 1.82856597704813 0.139613469364122 1.7405774242419
3.38635685387999 4.388965847902 4.62825162918307 0.347258932888508 2.8507022533225
0.878949890611693 3.29613951151259 1.37915496015921 4.54116593115032 6.03895499449634
2.75721141486429 3.30093265278265 3.0157046043314 4.04531278531067 6.3548335231517
1.4410031971056 1.6095206537284 2.95385248726234 0.322471261024475 2.42256844769404
2.38609258667566 4.12900327821262 3.48931991728023 4.67566262115724 7.08215228681185
1.08205609023571 0.931805432774127 1.00565675762482 4.23125130357221 5.00999912320532
1.23799101216719 1.43941163201816 2.81616347725503 1.62184466840699 3.51004144647745
1.00248505594209 0.666688098572195 3.26948376372457 3.47312765195966 5.78027060487267
1.62426193594001 0.440712549025193 0.441967559745535 4.61746691144072 4.89803755319313
1.17180586792529 1.8148147361353 1.49915086687542 0.557853478239849 2.29334467823715
2.12873392738402 1.51986601878889 3.88274729601108 2.60926236747764 5.31175299394692
0.436315753031522 1.10706668579951 2.5513161031995 0.305058575468138 2.10135377318413
3.61583930207416 1.33596031810157 2.67979105236009 1.61474897060543 3.49983920809974
1.2411717872601 0.018415724625811 2.70610338891856 2.53995175939053 4.44606162421962
3.88765839743428 4.93506808415987 0.484752532793209 0.709925158880651 1.35457336462987
2.68641382688656 3.69954358553514 1.07048299862072 2.72587761282921 3.71926163874213
4.17346748756245 1.65754431742243 1.65471667656675 1.53372880420648 2.91189538106528
0.384201497072354 0.999765151645988 2.6363172987476 3.01854147342965 4.99023565250271
4.91784811718389 0.116087598726153 1.46661051199771 3.4790384513326 4.33603965732009
1.66474110679701 4.47054400458001 1.2795398698654 3.90323903877288 5.09608934689445
3.51189326611347 3.42230260837823 2.18963988008909 2.50681132660247 4.49022018258201
1.68079623603262 1.89332584035583 4.17004942428321 3.7821180629544 6.14477190152846
0.764453352894634 1.74975531524979 4.45583516033366 0.556232605595142 2.83431977468964
0.213869186118245 2.9353389237076 0.914780123857781 4.4398003036622 5.447610785409
3.91363774077035 0.351983357686549 2.31349383830093 2.41921110195108 4.34412713905825
3.69628945016302 0.656714447541162 3.53930205921642 0.411255527287722 2.73354652213749
3.57900990406051 0.549095900496468 2.57804785389453 2.48605765751563 3.98654468601802
3.267257057596 3.98834406631067 4.93512079119682 4.8850035679061 7.61472590352234
4.38153756200336 3.83294495637529 2.12054918520153 0.227081933990121 1.94176394372245
4.86947697936557 0.878173739183694 1.21783325099386 0.400187969207764 1.51512175868355
3.71615196228959 4.61589252110571 1.83878023992293 3.42188916751184 5.04337186314438
3.06472326745279 1.86150151770562 0.763478605076671 1.72066818224266 2.25357451989746
3.01594643271528 4.48688676231541 3.87438256642781 4.10144628374837 6.58650565520866
1.20928844204172 3.86861022212543 1.95974967442453 0.981364859035239 2.3743113845356
4.35959363006987 2.30523010948673 3.43885323847644 1.33116688812152 3.393609307149
3.26388211455196 4.48979424312711 1.01678249542601 2.45925033930689 3.2760817550081
1.01883185678162 4.079040606739 1.15534228505567 1.66124133160338 2.71605726057116
0.40907692629844 1.3450458238367 4.98476086650044 1.1102298705373 3.93988000487658
2.57882002741098 4.94675747933798 3.18314286414534 3.77743419609033 6.2267472813046
0.542789804749191 1.61972145899199 4.76360925822519 2.79334280639887 5.24302372776833
4.72165761748329 0.864580542547628 0.0416571646928787 1.70351285953075 -0.41471109605719
2.58564354269765 4.33948923135176 1.01209001382813 2.04418177483603 2.98451437589686
0.960615751100704 1.01019402849488 2.87831267807633 2.31497685308568 4.21223483578562
1.67901912354864 2.62911705300212 1.59256369573995 2.7168493939098 3.82392540685413
2.39843962597661 4.60045243380591 0.51589603535831 3.68153607123531 3.96229432636186
4.10091931000352 4.64970256667584 1.5127341542393 2.67357201897539 4.2945535544963
1.84258917928673 0.494882892817259 0.927899742964655 4.34725441969931 5.10831055468088
0.520157500868663 4.87723792204633 4.67140047578141 0.797238548984751 3.29653072336374
2.9607432114426 3.5885591537226 2.43951420998201 1.99482054798864 3.61637951158798
1.6518511576578 2.2386236791499 4.25124650471844 4.62548165116459 7.11145695457342
4.52141857123934 3.3316492929589 0.713362368987873 4.77800850290805 5.21586649630117
2.01312996563502 4.08545177313499 2.19617199734785 2.40673505584709 4.36200610152844
3.62772893276997 1.66218622238375 4.94843171094544 1.61733802873641 4.17338833982055
4.49981807498261 4.62555422680452 4.78923468268476 4.63274765061215 7.19428993159165
2.64712260337546 0.243904129602015 1.49714272702113 3.52380042779259 5.16750650609495
4.41900860867463 0.856032492592931 4.28480396280065 2.71416872506961 5.07037484938007
3.69616111391224 4.25443973043002 2.51462932908908 3.03260103333741 4.73152789147735
0.110826171003282 0.488711843499914 4.32133204885758 1.66121635353193 4.21255375363886
0.674078669399023 1.5178493084386 1.12926782574505 3.40191629016772 4.42429643364083
2.01281047076918 3.59046752913855 2.07416910445318 3.89234869740903 5.73355418855347
0.0414312083739787 3.87674547033384 0.427576480433345 1.31619577063248 1.39568925367181
2.9944671515841 4.084726247238 0.0924631778616458 2.12134587927721 0.832608794811817
4.48202222934924 4.67535078991205 4.35665804659948 4.16007301420905 6.38215935595428
3.72617327608168 2.03570865327492 1.41485208063386 2.95928202569485 4.48128092320399
4.0708493522834 1.71802057418972 4.74938263883814 2.35895925201476 4.71191190579898
1.0984185745474 0.616658480139449 1.15800117258914 4.45151788881049 5.95337721480653
2.13408006820828 4.99444391345605 4.33213734417222 1.15320306038484 3.68705567417456
3.57351449900307 2.95333690242842 1.15162556059659 1.40390586806461 2.50641716298249
4.89922299864702 2.2523289360106 1.3211309898179 1.34615484857932 2.7414632231289
3.8010740140453 2.31195042026229 4.52299456577748 2.59588704793714 5.13247099046195
4.876493482152 2.76615917333402 1.41836254391819 0.125400070101023 1.219743095598
0.0163491209968925 0.555037850281224 2.06264868844301 1.93285295506939 3.74841604470154
0.0344355159904808 0.219200820429251 1.0289204469882 0.519695181865245 1.80810739503802
3.99535086122341 0.899632778018713 1.349677357357 4.98639116296545 6.34089736341301
2.26376686478034 0.831422284245491 3.5885931563098 2.1192545350641 4.20843155673435
4.43630085326731 0.211697814520448 1.69660355895758 0.450746489223093 1.95705593552568
2.70331429201178 0.828543696552515 1.32907933904789 0.886932645225897 2.04025299491682
2.58546783472411 1.16602207883261 4.12502936902456 1.94485513842665 4.39232265354761
0.639459346421063 2.02744123991579 0.269464789889753 0.509413639083505 0.488269172405541
4.49631101102568 3.05600938620046 4.07756334869191 0.993538453476503 3.19681469492746
1.83082754490897 3.0446920148097 0.838245656341314 2.24486498394981 3.29288839620341
0.888412127969787 3.05035179830156 3.09831515769474 1.56941970111802 3.65336157351512
0.524209327995777 4.47792089194991 1.10003612120636 1.12525289529003 2.23741610796672
0.68501052679494 4.77772373356856 0.898276634979993 0.24259555269964 1.11025000583995
0.517511923098937 3.01677304669283 2.52761684474535 2.15995901846327 4.18644683052406
4.32586664916016 1.07311386382207 4.19579252484255 1.07270741369575 3.31128122532986
2.33398448792286 2.89801716338843 3.43353505246341 2.21783280721866 4.29019860368056
1.20365128386766 3.64670605049469 1.49066097219475 2.6936304778792 4.27111743111295
2.05151577945799 3.4821789257694 0.542546173091978 3.94017403014004 4.38959510233603
4.00753085268661 2.80438850750215 4.06509653315879 4.02988037560135 6.6555584062335
4.24577702302486 4.25038699992001 2.05453817499802 2.0544790441636 3.94779258688366
0.0321571982931346 1.450904852245 0.104108680970967 3.58220612630248 2.0853258218445
4.20237580547109 1.20407134993002 2.10859694401734 2.65172186424024 4.25600788427536
2.85464494139887 3.80704266251996 1.62653117324226 0.952082199510187 2.20725260672906
0.63331441488117 4.44368963013403 0.823523969156668 1.12445320584811 1.91660933116002
0.103512840578333 0.810806547524408 4.4498012016993 4.23549350351095 7.05419575725514
4.05103566357866 1.02896832744591 2.04602691810578 2.23091156221926 3.73708185643099
0.753870640182868 1.49482281529345 2.46062393998727 4.55552972154692 6.74060867112669
3.57488546287641 0.172783947782591 2.77981744147837 0.982111466582865 2.82823073777054
0.270143715897575 3.77329666633159 2.56303679663688 1.20613335981034 2.84907018817658
4.48019729345106 2.01799252303317 0.214065512409434 4.1991839336697 3.62224939769217
3.00725145149045 3.22894660872407 3.2732156268321 3.13367744209245 5.33414665980413
2.96043764799833 2.98276461893693 3.51209820597433 1.18098586681299 3.33716816264704
4.93563071475364 2.7513568312861 4.28229741286486 3.53108889888972 5.84691866674281
2.42451288038865 1.56414834666066 3.04505369742401 1.49429984739982 3.38096085535781
1.4795857318677 4.26225271890871 4.75890987319872 2.39367850124836 4.62886034074518
3.04170481744222 0.653433530824259 0.496736728819087 1.00062040030025 1.56846207712981
2.26142102037556 2.05894787563011 3.11402754741721 4.45641178521328 6.5792701940068
2.38160123699345 4.62865141918883 1.5461417788174 2.8184875973966 4.17894109472463
1.53372301138006 4.56300627905875 3.13513774308376 0.654600288253278 2.81905184247894
4.66791262268089 4.76409214315936 4.21920021413825 0.623714864486828 3.18495175138319
1.87480236520059 4.96118563227355 0.132310374174267 4.36983495368622 3.16762588242832
4.25369377131574 2.20580155495554 1.38692963519134 4.52821330283768 5.9678880872123
4.07825271948241 4.59155016578734 3.79543523886241 0.239535899600014 2.58499693477765
0.473433182341978 3.01473419298418 1.24877814669162 0.905587169108912 2.12398023927696
4.6673452842515 3.33373849280179 1.17076562484726 2.09520169883035 3.50323574676884
0.22310993866995 4.73392524057999 0.449375034077093 3.99515881668776 3.93094746302502
0.465622647898272 0.461562584387138 0.0905694661196321 4.66248213779181 2.91643987851721
0.442845658399165 3.67949007544667 3.75066758366302 1.70019670971669 3.84027028297582
1.03319311514497 3.60096393502317 1.82794385706075 2.41841829032637 4.15548842586843
4.15085627115332 4.08557914430276 4.03212259057909 3.88725773082115 5.99769872918716
0.434544454328716 1.65192955057137 4.93793662288226 2.73039112216793 5.28405142967194
2.26175997871906 0.43632889748551 1.26796379568987 3.32748544518836 4.74313541097475
3.06929731741548 2.84419911331497 1.991205397062 4.81911379378289 6.15769681563955
0.383974364958704 1.91697090747766 0.623141307150945 3.25283693615347 3.90149358038314
1.883275504224 0.939244568580762 3.83005699608475 1.94049024139531 4.35055984909848
1.9582522008568 3.70534622808918 4.07608903711662 3.40747814509086 5.89854989604964
1.66529362672009 1.85407146578655 3.45905247726478 4.99907939811237 6.95500406107497
2.14948210166767 4.19484031270258 3.03372215596028 3.60701097990386 5.97628782235283
2.65487812343054 3.08662194176577 1.43858222756535 3.04023278295062 4.19573427650752
0.345230374950916 3.89258628711104 0.989977744175121 2.41367234266363 3.44202814778536
0.875986863393337 4.32300472632051 3.23770210961811 0.781217373441905 3.11404856958498
3.87908443342894 0.0423197960481048 3.37067920016125 4.66633932548575 6.67135174982781
1.43729971256107 3.21840255870484 4.60048482287675 2.01682953163981 4.71731031025585
4.62572569260374 3.83217354072258 1.24300227733329 4.44486303837039 5.78604324435113
2.49244480626658 1.4796737791039 3.30111836083233 0.186487762257457 2.65485751097698
0.415509373415262 3.54361843783408 2.70758946891874 1.19867671979591 3.01606066808594
3.2044815341942 2.94790491112508 1.15038135205396 0.496747748693451 1.80841745504396
4.72569981240667 0.0355449004564434 1.26392132486217 1.83087836252525 3.1747940941715
2.74732816149481 0.000867360504344106 2.02860507182777 3.95736473146826 5.42994922155514
2.97015377786011 4.33202356216498 3.41561038279906 1.07985012116842 3.33716712735756
4.33656943961978 4.44488667882979 0.807629745686427 4.3988674832508 5.30139393441365
4.3794559664093 3.0412495683413 0.461875664768741 2.01723268721253 2.09505290222623
2.60161817655899 4.37730811070651 1.67565550887957 3.61023211851716 5.14649819385103
2.39509815583006 4.36623386805877 1.7747339932248 3.05052401614375 4.96890363609265
2.12130444240756 2.66144556459039 2.03302420326509 3.18298092344776 4.60629191564847
3.93515374860726 0.376840542303398 3.08437365922146 3.38308506878093 5.35043969357518
3.27511323615909 3.19000783725642 3.75254741171375 3.73398435534909 6.04909278495544
4.95620441390201 1.29592466983013 0.916555979056284 1.31612048833631 2.16209222594687
2.48241674737073 3.15905578434467 2.74827532004565 2.38801607862115 4.23325764835263
4.37413990148343 3.95657968008891 2.26714708958752 0.245223519159481 2.059989790738
1.75667690695263 0.846230597235262 3.57347938930616 1.204348920146 3.31798474437053
4.56701393122785 3.88774481485598 1.46579726366326 3.50004632724449 4.81319243140724
1.13294782815501 1.41463190200739 4.48674152721651 0.322278979001567 2.65613364385294
0.34768047160469 3.07153190253302 1.95708154700696 1.94796250900254 3.44703994764092
3.15847011748701 0.89055132586509 2.88811629521661 3.69226441485807 5.57049487597409
3.54470330174081 1.82330293930136 0.225763951893896 2.80307960347272 2.67558416903298
2.46267220354639 4.16303987498395 0.379379341611639 3.73424410820007 3.75628405079782
4.35845448635519 1.14231878658757 2.66570436768234 0.48624258255586 2.30788640537395
1.26993545331061 1.37359173386358 0.176128118764609 2.68940233509056 1.93104703637971
2.51529076951556 3.66445704712532 4.11739823408425 1.32190304459073 3.74491948376276
3.83579942514189 0.824277633801103 0.827401634305716 2.65485803131014 3.44303670309548
0.41386790573597 1.08086930704303 4.30596641381271 3.14366201055236 5.62766480284048
1.43100869026966 1.66837777709588 1.65918563725427 0.61140434932895 2.06590828252855
4.06468361383304 4.08141688792966 1.60734963836148 2.62681268388405 3.77651662277659
4.84656002721749 4.85790916020051 0.337388055631891 4.02458017342724 3.81079722089368
2.48412146465853 3.94645592663437 2.81197933945805 0.13143245712854 2.29387481085782
2.22516644047573 4.16238836594857 4.99680298031308 2.26758956094272 5.00623695950808
1.48081614985131 1.02596262819134 1.60485977306962 0.682018141960725 2.21457536534776
0.477995281107724 3.18132848478854 4.95008004130796 0.477257105521858 2.84537663583018
2.64654210419394 1.13177998573519 2.14532613405026 3.68339200736955 5.2694575621742
1.864583165152 2.1520054305438 4.73810892435722 1.42559384228662 4.32783702986682
0.0952306028921157 1.95227566175163 2.80437176581472 3.21863305172883 5.08567350769725
1.70883223996498 1.92526569124311 0.676749591948465 4.51586940325797 4.96598184610775
4.88677489454858 2.38054764922708 2.43301653070375 2.08986332756467 3.97319375857909
1.62379546556622 2.58078741258942 2.75000265799463 3.16161852213554 5.04635027410195
1.80457814247347 0.0601528817787766 4.87141557619907 2.58174356771633 4.67037822295879
2.141444592271 1.31372983916663 3.17337893997319 0.583815862191841 2.88258924301604
2.07867613062263 4.74735401337966 0.94370475737378 3.57760367332958 4.30464287121177
4.09324136911891 4.09759637201205 3.55455764103681 0.817607879871503 2.96897623873211
1.73339548055083 3.22369490517303 1.34656222653575 3.89452495845035 5.32581890166782
4.09277587197721 0.878803277155384 4.47902816697024 3.34599088993855 6.09060955479574
0.0332354847341776 0.338151280302554 1.89287250861526 2.17003608937375 4.03331048571724
4.59937792620622 0.203639252576977 1.29074404714629 4.4404474820476 5.96803927616554
3.94355518044904 1.5087400120683 1.67692592949606 3.13538073562086 4.67985925105848
0.76625415822491 0.251057083951309 2.96998905949295 3.09654687764123 5.05472006135594
2.06204315298237 3.77813200117089 2.8962059575133 4.15988694410771 6.4000490768837
3.02090748329647 3.19957523839548 1.51979648158886 3.8518377521541 5.65680921872443
2.59913941845298 0.844712815014645 1.45694930339232 1.61053455085494 2.93527640324902
2.6706704555545 4.38426619395614 3.22855684673414 3.94012220087461 5.95805834759203
4.36996626434848 0.984555213944986 4.62888962472789 1.61341409897432 4.44518232963434
4.06354767968878 3.47872765152715 0.283321362221614 1.87171301920898 1.45445645778199
2.54635344608687 3.91287983395159 2.6338721299544 0.363931801402941 2.15934663694273
4.66088943765499 3.49515569745563 1.76269057556055 0.600633416324854 2.32317058693113
2.33679692726582 0.616002004826441 2.13964155176654 3.74998896499164 5.44497571854945
3.65783547167666 1.56645012903027 3.75208852346987 2.05738800461404 4.4369801631877
1.71485948842019 4.65385923162103 0.698842407437041 4.34820604510605 5.16741151276589
2.36263534752652 4.26917005563155 2.77472050394863 0.849619444925338 2.5768652628832
1.58045566291548 1.57991915242746 2.03238814254291 1.98030214756727 3.49498465837223
3.3908861130476 2.08207016694359 3.47816127003171 3.59917868045159 6.10180722579499
2.7576869004406 4.9310095643159 1.27279835869558 3.8284771097824 5.08168613084494
1.38113335124217 3.04827012703754 2.82309322617948 1.76067929016426 3.80549893256129
4.80376953142695 2.54495672532357 1.0028054995928 0.703782849013805 1.85571838754883
3.81110519869253 0.273851803503931 3.84801576030441 2.21376915927976 4.45410640155595
0.0808441452682018 0.188444257946685 2.63252692995593 4.49335829471238 6.52961927914816
4.20105746015906 1.75351956160739 0.997100664535537 2.08916151314043 3.12620301545926
3.03645263658836 2.48065521940589 3.76015862217173 4.57997830817476 7.0564540516086
0.918423220282421 4.8298032139428 4.52462136512622 2.18195629655384 4.57408349447614
1.83438845444471 2.641846727347 0.125528473872691 4.91598626947962 3.46203943913279
4.11677622701973 3.1983123649843 0.0815304392017424 2.51163373352028 1.04510669454477
0.522312646498904 1.40692725544795 2.66517661395483 2.05676294164732 3.90150356361808
1.67263033916242 3.38357472908683 1.93878020741977 1.13497811602429 2.68511570950502
3.95375090418383 2.71581996115856 0.376336160115898 0.98648494342342 1.04078710656435
2.78074519708753 0.646844654111192 1.12965115928091 3.45289057935588 4.57403045839628
2.40729214041494 4.06150902621448 1.99873776058666 3.83427120745182 5.6662882992867
4.60196151514538 0.659223933471367 3.45762191223912 3.57251397334039 5.85037437026291
3.89907012344338 1.37596595333889 1.31863163551316 3.07827633223496 4.39131781951962
0.545830217888579 4.83756148139946 0.321275008609518 1.57227891264483 1.30722225412958
0.159300816012546 1.11079594120383 2.22392657888122 4.57350337179378 6.65101185196624
4.29556855349801 2.72768968949094 0.239093301352113 1.72341619501822 1.25805561885873
4.12381932837889 3.46962999552488 2.03636073623784 4.40008087898605 6.38370393206903
3.96438707830384 2.95456214691512 1.00963369826786 2.72822503116913 3.47130960108424
2.42312243906781 3.83246680255979 4.12106601172127 2.42741777328774 5.00920676241193
0.81256840727292 0.4837050603237 3.972574013751 4.84652688261122 7.26710828060758
4.11138184252195 1.73721257597208 4.3857721996028 3.615286659915 6.46092320961376
3.31509486073628 0.108071801951155 4.70359641942196 0.8719275041949 3.43951982163356
0.703948080772534 0.65624822746031 4.14156485116109 3.45739422016777 5.83197093190608
1.74913925351575 1.87689776998013 3.70355790364556 3.48203864763491 5.91105859691751
2.21062692580745 3.74551321729086 1.19719378184527 1.34672025684267 2.63562414667489
0.495300710899755 0.645317157031968 0.950012831017375 4.27781077683903 5.27733695019155
1.47425177157857 3.6542381788604 1.87385180266574 1.97502174065448 3.20201328582988
3.79014088073745 1.64782645413652 2.67974424757995 0.0223497487604618 2.19717794453606
3.3536441612523 3.09246302465908 4.03213337645866 4.81558535830118 7.52332800341263
1.58989623887464 4.44367122952826 0.530621169600636 3.21733581949957 3.2732206333109
4.46091797319241 2.53676341846585 2.39493079250678 1.20268287020735 3.06065844193513
1.27418753458187 1.95294662029482 1.77848294493742 1.33345517562702 3.07108493588808
4.35870489571244 1.90990919945762 1.4301281189546 4.95237707393244 6.30419957637844
3.44366762554273 4.75294653093442 3.95998917985708 4.73321556812152 6.9769713989933
0.681119216606021 4.31072846869938 3.06947843986563 2.58071103366092 4.57826332818891
1.78256458370015 4.95416277088225 1.63474640809 1.06492975610308 2.69356105319863
1.60423686727881 0.434222022304311 3.20277762366459 3.20601595798507 5.44713626913055
0.118104616412893 0.0370643206406385 4.48829567292705 2.55318520474248 5.41649713392047
3.76536592957564 2.18771214829758 3.27037147246301 0.29705494758673 2.69772330041459
4.61562359356321 2.05167615786195 2.81500709010288 1.33488249965012 3.56312100715859
2.17020414071158 1.14773434237577 3.0452220432926 2.27943173376843 4.59327931349897
4.06420103507116 1.00784545997158 0.340934641426429 2.35897893900983 2.44720094067727
0.637343159178272 1.9624428555835 3.33015692536719 0.536057975841686 2.77727289955181
2.16993401176296 3.18990871193819 3.45234691281803 3.06972129154019 5.49002256407751
1.90557403257117 4.18075379915535 1.76306279492564 2.92801818577573 4.22830751453367
4.67090862453915 4.45441746618599 4.27625957061537 4.09463990828954 6.72976435321148
3.06351671577431 3.11633097939193 0.294850786449388 3.40916204382665 3.04605916383726
0.71847080020234 2.5869065488223 3.77068028203212 0.630769953131676 2.771436157879
1.43723350716755 1.69594050385058 2.3958889732603 1.7405761370901 3.73466984303963
4.67506032902747 3.60541950445622 2.69235006882809 4.28674291120842 6.39344452709445
1.16726612439379 1.73573557171039 0.386354363290593 4.57667062641121 4.72280121084596
4.33160441694781 3.09867034549825 2.71573670324869 1.54433901421726 3.19035920611542
1.93685595295392 2.38906095270067 3.20599944447167 1.41435813391581 3.4588308054295
4.60885599255562 3.38997506652959 2.27940309327096 4.78582118405029 6.43055055284337
1.10436168499291 4.59575804881752 2.33953066286631 2.6218158332631 4.7173869983173
1.9975470774807 3.2525175716728 1.82518443325534 0.669889990240335 2.30647212498898
4.82397014042363 4.22422675532289 2.17837179545313 3.30456870375201 4.79481684234626
0.0941251579206437 0.798045966075733 0.647122851805761 2.90255871252157 3.39870391190798
1.31915868027136 3.20293277734891 4.3836599518545 2.58865981595591 5.21909747592155
4.91866783471778 0.930177707923576 4.33420449029654 2.50083639402874 5.14318045026569
0.646704761311412 4.73419391317293 4.52186639071442 1.30758614162914 3.74570043756127
4.22569889691658 0.919350637122989 0.371291626943275 4.42336700856686 4.0799174862655
3.31927840365097 0.568043024977669 4.47334823664278 4.45837872801349 7.26612181894723
0.281187132932246 1.24725448084064 2.92522725067101 3.85208119056188 5.49585215532518
3.00045168143697 3.97282970603555 1.31917230202816 4.79668398853391 6.36595806843563
3.42451461707242 4.20689661055803 1.56579750124365 1.96221243590117 3.2312752036309
3.84764988091774 1.16096800076775 4.05935961054638 2.60777810239233 4.82911851943571
0.551268843701109 3.82130900165066 2.93584723724052 4.11751430714503 6.32064573265439
0.537000485928729 2.59479562519118 0.143387103453279 4.69390018610284 3.86968732147601
0.23565397481434 4.03934408677742 3.94673436065204 0.603119890438393 3.33815502213443
4.28448166348971 3.23870286927558 0.577544880798087 4.43903822218999 5.15238811047074
1.50906206807122 1.1015754356049 4.62664140854031 4.18900239514187 6.52444027121331
0.554391416953877 1.5331168519333 1.68231126619503 1.62625045515597 3.05725860291608
0.56988405645825 1.29946147208102 1.84720461838879 3.55189667199738 4.89082092478334
2.83715764293447 3.20456734858453 2.15561601449735 2.56281582755037 4.30735854910568
3.27001112047583 4.62866288493387 3.40767022455111 2.91857307311147 5.18360700435597
1.59748079953715 0.64742007991299 0.231942309765145 1.16001636139117 0.372552592538872
4.54199191648513 0.767951147863641 0.482400264590979 3.26602793997154 3.73563986566595
1.09391733887605 4.43475227919407 2.57691420381889 3.37830833974294 5.50435696056393
1.84763722936623 0.00606822781264782 3.96445920341648 4.61981822736561 6.77561853866813
3.07911740033887 1.54594150022604 3.03415953647345 1.44149558153003 3.16962933341844
0.444203469669446 1.29495880566537 2.29837371967733 2.50037321471609 4.40253869543308
1.19623294682242 1.19906898937188 1.11820092075504 2.3757415858563 3.73654606781501
0.0973886915016919 4.60534986224957 4.20084151206538 3.27584949904121 6.08603398803574
3.60804790863767 1.69720542035066 0.256568556651473 0.910316233057529 0.63801382059833
3.36283798096702 2.13832289446145 4.69637631438673 4.23648211522959 6.60755023757051
2.23440773435868 0.0437576370313764 0.661725314566866 4.79638750432059 5.50350169957613
4.56015294534154 4.75765260518529 2.45740305050276 0.883392876712605 2.38304912928674
4.48214768315665 0.601374936522916 1.47145972237922 2.61369123705663 4.17830646829289
1.98109749122523 1.20910207624547 4.78215842624195 4.52609428670257 7.06975151105715
4.75064078113064 4.16963177383877 3.41816082131118 1.43470600014552 3.5466248482543
3.43942422186956 3.2234991772566 0.851245088269934 0.126304737059399 0.858594805920963
4.41869744332507 0.993990208953619 4.0368939389009 2.36896220361814 4.89273133417366
2.28803559788503 2.49967161216773 0.904180461075157 1.30063967546448 2.5765750646155
0.587179673602805 0.859962704125792 1.51454072329216 2.76109259575605 4.28512781419303
2.57324157166295 3.68263838929124 0.583450914127752 3.20465906173922 3.68904035927297
2.12584965862334 4.63280714000575 0.517161536263302 1.15167438983917 1.07918292593614
3.01373074296862 2.38048782222904 0.840786079643294 1.60867352271453 2.44160056823409
4.46553122717887 0.387577972142026 1.47112080943771 1.11807770095766 2.90672294700206
0.53486657794565 3.75972515437752 2.52324942848645 1.08678952557966 2.81811998332702
3.1775126606226 2.82914304872975 0.755375445587561 0.938502993667498 2.01575099328897
3.20192026323639 3.49287772900425 0.584507485618815 4.04589275713079 4.51879011591037
4.63883224874735 3.7463133817073 1.84750932385214 1.24462491716258 2.66380837951912
2.9631808551494 2.65950370696373 0.135392785305157 3.97209935123101 3.06757201587808
2.78384460834786 3.84021745761856 1.59450822742656 0.438236913178116 1.90128401196336
3.98287009447813 4.55298774992116 3.79448914434761 1.83103474671952 4.22655444127488
3.35447558783926 3.80131564685144 1.02347114239819 4.45597332553007 5.61448634173047
1.34456746047363 0.621678588213399 3.98063860833645 0.534651929046959 3.05119347217016
1.38847181457095 3.39620727463625 4.21993740252219 2.02382092131302 4.45472807125553
2.29389327229001 2.86140586715192 2.81569101498462 3.16536949132569 4.96015511723383
0.908726344350725 3.77416078583337 1.6977593570482 4.78979219333269 6.39245535156052
4.53220131807029 1.52415450662374 1.00537395337597 1.38536571525037 2.56114033177822
2.56921718944795 1.53439428424463 1.61092048860155 2.27769966819324 3.77961056155333
0.76795514090918 4.93473061011173 1.64791356539354 4.89891718141735 6.60534494573399
2.55467625684105 1.36421706993133 2.23100520088337 4.60511806537397 6.50339491813776
1.22744784224778 3.42165112379007 2.30703710112721 2.10715777007863 4.05993508944137
1.45610385225154 3.39989432017319 1.31410362897441 4.24948431318626 5.47610341137978
2.16231528902426 2.76445053168572 1.52331045712344 2.21323343925178 3.56775680809714
0.994493018370122 0.831240474944934 1.23647574335337 3.12857695971616 4.36482925882819
0.382142869057134 4.76958514307626 0.670469996985048 0.369312126422301 0.894326576429036
1.53715259046294 0.475856305565685 4.86451787874103 2.33711257576942 5.08151847754534
2.34961267444305 1.47969135548919 3.50701567251235 2.7919451368507 5.18033784884732
0.192997691920027 1.97242453112267 0.679363282397389 4.00939451297745 4.78667938496127
0.133465948747471 1.77423465531319 1.2077724642586 3.09246147051454 4.3015460133689
4.31705635040998 4.4381695764605 3.06695861392654 4.1264382225927 6.12141941664251
3.63416029838845 3.94441216718405 1.86682386789471 0.397051407489926 1.65434245770773
0.557046311441809 4.72196247894317 1.82915706536733 3.62632330972701 5.06859512940581
2.83043664414436 0.487671698210761 0.815664986148477 1.67552040191367 2.51928236246844
3.86270688497461 4.68801088980399 3.89715075609274 1.30542005761527 3.66475749548609
4.48442249442451 2.57503416854888 3.39162580901757 2.32600343530066 4.45954842930452
0.587247911607847 0.0263261306099594 2.69693855545484 1.3097458332777 3.24043482562381
3.07487186742947 4.62225316208787 3.04543539183214 2.60228448198177 4.87930015414516
1.29224007367156 4.1949870553799 0.669435979798436 2.36015676753595 2.84400623996762
1.44461509073153 3.29741236870177 2.16270896722563 0.493339729728177 2.46487508718844
2.27263961452991 3.26143955928273 0.785778829595074 0.0148072233423591 0.815821246976996
1.16317016887479 3.51665927795693 1.16015792125836 0.847433086019009 2.06057099827303
3.04121788591146 4.16268621687777 3.51286636665463 1.89500240376219 3.99554676458349
0.951059506041929 1.72666411730461 2.61236065765843 3.20802958100103 5.23887235263459
1.1996750626713 1.93998275557533 4.44669346441515 4.03013876522891 6.42143902075649
3.0716525844764 1.10351761220954 3.73299790197052 3.11148272943683 5.37913677735731
3.50762830581516 2.01336674392223 1.51678752270527 1.63891385076568 2.90600825741803
1.7337829247117 2.7715025935322 4.3665499612689 3.85732379043475 6.06238241360325
3.16298650112003 3.11071163509041 4.49352602707222 2.23012093571015 4.52583418904084
2.53104977542534 3.44985420466401 1.07991481432691 2.59960450930521 3.50736946345681
3.19696402526461 1.97823495254852 2.37318815779872 3.95091784419492 6.11526311146243
3.11793112778105 1.56546035083011 0.915966698667035 1.94262215285562 3.02392056218422
3.21707396185957 4.79860211489722 2.64084418304265 4.69058549730107 6.82385764909402
4.80684401467443 0.618688418762758 0.0652184674981982 1.41337494482286 -0.464546498316105
3.62168603925966 4.30953085888177 3.40924471151084 4.792693547206 6.76512571040304
3.58331078430638 4.28977797273546 3.1267219374422 0.552203611005098 2.45374315937402
0.768959805136546 1.28132899175398 1.43942552851513 1.69116192148067 3.07676574275248
1.20686069247313 0.427040253998712 4.72243866999634 4.74597886903211 7.73221720527009
3.72243086691014 3.72953929007053 2.20204339595512 1.20203361846507 2.67494616920503
1.78437074529938 1.50701039237902 2.44251248543151 4.98775136540644 6.55789570329074
0.553774649742991 2.04127680975944 1.67918501771055 2.78341795084998 4.60731480068589
1.6864923259709 3.60105620115064 4.7129746619612 3.69514349265955 6.2070922495481
1.41438142047264 4.2884592723567 1.61194847198203 2.00144846690819 3.45631369136059
3.63631893415004 2.84606735804118 1.8913888244424 4.60266707697883 6.5576566053689
0.717121153138578 2.90158858173527 1.71723799197935 1.13702144590206 2.463236802038
4.1618681664113 4.76381935644895 0.416135609848425 3.57827736763284 3.74436088378142
3.66475112969056 0.946522445883602 4.64302724227309 4.37737989239395 7.10861760198862
2.09003147436306 2.76687193196267 0.576248993165791 3.02429113420658 3.70616084295275
1.18046801886521 1.09708679374307 4.50907619786449 3.21044025127776 5.87840160280207
4.21266577788629 4.58033512812108 2.50137616298161 2.94608965399675 4.83593782371002
1.39326424570754 3.95842634723522 0.0940179813187569 3.02161792176776 1.41286243237271
2.52842314308509 2.16535782790743 4.13913181750104 1.58657946973108 3.8354575326925
2.45282398769632 4.93009119993076 0.990523007931188 0.195079074474052 1.30372448501786
0.543878163443878 0.153693369356915 1.67047800845467 3.20076790521853 4.51249001701391
1.12066609319299 3.53872219915502 0.571750688832253 3.74191170209087 4.10743784686986
4.85195800312795 4.74690929520875 2.82083936966956 3.21961716748774 5.35648817845354
1.11532976268791 3.79080272046849 3.46253026393242 1.44585810368881 3.36282285163222
3.69792843586765 0.295399489114061 2.49939117464237 3.15941896871664 5.00874022020002
2.74187325616367 4.59050905774347 2.06242965068668 0.991333069978282 2.92668700825786
4.87063001841307 0.746601786231622 3.53740295744501 0.436181798577309 2.61000306487883
1.93744255811907 0.277614516671747 4.59395316662267 4.74984603002667 7.05624821468712
4.17159583186731 1.57166278571822 0.323226246982813 3.50293045747094 3.31948291951501
2.01865521492437 4.92920323740691 1.7577131674625 2.95387935009785 4.32752782742468
1.53294154210016 0.0653436605352908 4.16684540803544 4.90101518458687 7.00549668227427
3.28144769649953 2.46309609385207 3.25575971393846 2.41448798100464 4.81231215268367
3.03015991579741 2.67136830370873 2.21655161119998 3.33363663638011 4.90034918974471
1.10022356151603 0.539869680069387 0.785389555385336 1.73227579216473 2.64930213492194
1.1664853442926 0.224521195050329 4.65270213200711 3.80835250020027 6.40393193140985
1.6738184040878 0.3496297262609 2.512087947689 2.27766242693178 4.28005510294758
3.02202222170308 4.85014237230644 4.66446215519682 0.024750642478466 2.82075354097438
3.02646951051429 4.42745527601801 4.90080700372346 3.7039140984416 6.5317042946838
3.74152498901822 0.748258859384805 0.692924074828625 1.32362942327745 2.03948869453957
4.80893407016993 0.423439351143315 3.62868403317407 3.39398990035988 5.54321210274176
3.21563659585081 1.39336232678033 0.016857945593074 4.61234306683764 1.38710000265201
0.511989541118965 4.67309086583555 4.78165279724635 1.06431890628301 3.68588864968655
2.17356949578971 1.31975527387112 1.09427008777857 0.117593075847253 1.38468243065434
3.18419313873164 3.71550209703855 2.35443471116014 1.88816088950261 3.78093574534515
2.87457627244294 3.85980563121848 1.91345482715406 4.89917757804506 6.68198014137206
2.5456202798523 0.0844184996094555 1.232783657033 1.46643566782586 2.5559984323048
2.69718796014786 4.57666414091364 3.05271184653975 3.16785580827855 5.14948672813976
1.47154444945045 2.15204568579793 1.01983583066612 3.30125154461712 4.33148302753298
3.96637183846906 1.09161217114888 2.16264982009307 3.53789388900623 5.15060562623039
3.35454453364946 2.07557074143551 1.17917904979549 4.50672655599192 5.33602593768399
0.40132581605576 0.367476630490273 4.73745285067707 4.13724409881979 6.47575890409623
3.67382698808797 1.49797152378596 2.13104092865251 0.562077631475404 2.27542140725111
0.950943917268887 0.894858763786033 3.63318802556023 0.813664216548204 3.35044439678589
1.03885406046174 1.25112209818326 2.17571162385866 1.16478009382263 2.69607286727566
3.2628883223515 0.561089287512004 1.9727075600531 2.46516375686042 3.98542428836371
2.27616699063219 3.15179214463569 4.08675156766549 2.48870886163786 4.83407165824553
2.66376328538172 3.23044101707637 1.06411227257922 4.09261724213138 4.90782937391409
3.59936349675991 4.7118428023532 4.46021806448698 2.72729168180376 5.6951843964426
3.69609935674816 3.65190786425956 2.1980177948717 1.01622832124121 2.99353614088648
4.43066993961111 2.20090957707725 4.48711061966605 4.07953362795524 6.37038938135195
2.4528578738682 0.61419949051924 3.9585922670085 2.75007472839206 4.99953099536634
3.62040045438334 0.680535230785608 4.13544122944586 3.72644818620756 6.16076127939661
1.79874395602383 1.34033658658154 3.96271025761962 3.29776574624702 5.40737726510567
2.22376477671787 0.504299737513065 1.63663258776069 4.14863288402557 5.79931576238612
2.05959461978637 1.04540196247399 3.96397150470875 4.94485156610608 7.41603872259681
2.30667203082703 2.63988906168379 2.06972082844004 1.91336728748865 3.42941180222853
3.26535183819942 2.33694119378924 1.25723789329641 0.89399709366262 2.33863599996645
3.73994029127061 1.55435668304563 4.98961473698728 2.83036828739569 5.5220850239731
4.23906820826232 0.60707550495863 1.39096671366133 4.96917270938866 6.16807185624984
3.39350893162191 4.0801181376446 2.15312115498818 1.63423703983426 3.63406592059387
2.0091016846709 2.46007156209089 3.43669305555522 1.95996984140947 4.37280991231996
4.50425216113217 2.56068842834793 1.18454297306016 3.30195643357001 4.83044914478633
2.72077983478084 3.81590262171812 4.79924060753547 0.164992419304326 2.59256488666957
1.07260066200979 2.70190178067423 4.94634047849104 0.649774322519079 3.26675201961113
4.50086570461281 4.45502917398699 4.93836852372624 1.31451271707192 3.82628683479554
4.69567752908915 3.45316953607835 1.4113334461581 1.37292590690777 2.78179933538056
3.44739495893009 1.18782097590156 0.475772921927273 2.5766872195527 2.91318973931746
3.43224035575986 4.32538355933502 2.87789692054503 1.75280432333238 3.85931076132702
2.85031707724556 2.35454121720977 0.00931765302084386 2.63942525605671 -0.804863070716748
3.99908665567636 3.17422131076455 4.85217423178256 2.92282797512598 5.35113080358049
0.501584069570526 4.61547108599916 2.69331495743245 2.31097733834758 4.41056100356147
4.08870564773679 2.30189665802754 1.07088333345018 0.855717312078923 1.88615575169205
1.3293751841411 3.77373525407165 0.0207198143471032 3.73830011580139 0.77149740599153
4.34451107634231 4.83235967694782 1.38956278911792 1.82698043179698 3.29483429635315
0.232650162652135 1.58597036381252 3.87528905994259 3.1420427991543 5.43053175874198
4.15058860322461 0.514893442159519 4.01119682006538 0.734483591513708 2.92348201133133
2.65578866004944 1.97609811322764 4.90249941009097 0.842594685964286 3.72138745048836
0.019149313447997 1.7130327981431 3.41433582361788 2.27085481630638 4.36828934698164
0.325575523311272 1.50287304888479 4.38582930248231 2.88693912676536 5.1531904802979
1.99913327232935 3.71134390938096 1.56853118445724 3.52178443805315 5.07732750652438
2.14676747913472 2.7696293592453 0.633898139931262 4.27550806547515 5.05995273480888
3.33565066335723 1.69197504874319 0.66383027122356 4.36153020826168 4.49684907348522
3.6175339226611 4.64215788291767 3.0234115885105 4.6297605196014 6.79662258300394
0.84971024421975 1.74307205248624 2.22864250303246 4.06208743341267 5.59274137939181
2.07684065098874 1.82444301317446 1.507313628681 2.55432366742752 3.73852213983448
0.925883194431663 2.81772404327057 4.55311641329899 0.0421578111127019 2.33660791667036
1.97563773603179 3.88388317427598 2.7511073963251 4.44952444755472 6.47378187689821
4.58469688775949 2.6294601871632 4.19203820172697 4.14759905426763 6.6749949718913
3.08875270187855 0.174588813679293 2.68264007172547 4.04839313821867 5.91724468772538
3.0447030137293 1.15699997753836 4.81259497697465 3.41197110014036 5.75929077356358
3.76385283190757 1.11171504482627 4.78290319093503 4.08049754681997 6.54005763981056
1.47687964141369 4.36779120354913 0.737080139806494 1.24139474355616 1.83309032958338
1.68796986341476 1.42021119710989 2.28904349147342 3.53992577060126 5.40907243205008
4.86711495672353 3.46103552496061 2.19587674248032 2.99763772985898 4.50272637757178
3.74248823616654 0.629845872754231 0.630674730055034 1.16549969650805 1.61860075449947
0.259311818517745 0.920432496350259 4.95383021887392 4.59363725502044 6.86120958637413
4.31143116904423 2.67996345181018 2.99199553555809 2.90953956311569 4.91751774688406
0.0528790743555874 0.742545778630301 3.52305077947676 4.56830054870807 6.74620761642479
2.50794348423369 4.24524925998412 2.56843037554063 1.94395196158439 3.85292321338483
0.837042438797653 1.31090525537729 1.69315064675175 2.64137425692752 4.11910221130485
3.90822226065211 4.75337235722691 4.42822803044692 2.70436249556951 5.49531793109
0.12140350183472 2.47399737592787 2.0525876886677 2.6563428924419 4.51195229574101
0.966070075519383 0.460335125681013 2.48038246762007 4.63150461902842 6.28314225113781
4.51808337937109 4.10952903330326 3.23615966481157 1.7121079354547 3.87747882793782
4.04858094756491 3.46836441312917 4.97229119180702 3.58666886808351 6.17847092880933
2.39899865468033 4.67521362821572 0.925479182042181 3.16615086281672 4.05800809048216
0.577184035209939 2.97855923650786 0.395151113625616 1.31305814604275 1.07857774178283
1.80710986256599 2.88581237080507 1.40431350329891 2.46925665182061 3.83510283907234
4.01925091864541 1.03037286666222 1.8553561263252 0.757323041325435 2.7706448743124
4.37915415270254 4.0162678330671 1.63954684277996 3.64704981911927 5.03862831497873
3.2801604073029 4.18066508835182 1.90890793455765 0.733100726502016 2.15057834686682
1.78905634093098 0.292755292030051 3.6036421591416 3.41741050942801 6.00974050138807
0.472924077184871 0.880660200491548 0.806429444346577 2.83317854395136 3.604003898926
2.89810587652028 3.80827695480548 2.14743398944847 3.22522615198977 4.83792663811174
1.95504140923731 4.43291654926725 1.01236781105399 4.93261000141501 5.75063125301871
4.26521788933314 2.74065809790045 0.773659963160753 3.48187536117621 4.4268556165411
4.54328971914947 3.35112419212237 1.91249700379558 0.825947875855491 2.18616420005075
3.30852278159 3.51559532806277 1.43562454497442 3.16686885082163 4.59614046561279
1.24263583566062 4.17132033850066 0.231697361450642 4.91883940878324 4.87096216981078
4.39647685620002 2.20925144967623 0.788795375265181 0.309407270979136 1.05976949626052
1.43448641290888 4.93086588685401 3.57009007944725 1.95071690133773 4.11883960556072
2.13236697716638 2.44408387923613 2.59190849028528 2.75901034590788 4.64890013361637
2.87404680391774 3.53240329073742 0.220649865223095 4.91308059659787 4.2772296174794
3.36097079329193 1.58616390312091 0.876710509182885 0.207063647685573 1.16068924381884
1.20733880903572 1.08062857063487 3.03601820487529 3.54285772074945 5.32227789051263
4.70458685653284 3.77134894486517 2.69114440772682 1.044967508642 3.07558739855772
4.20951707987115 3.34326960495673 2.97171367798001 1.12961427308619 2.82690814634916
3.14792676013894 1.30436797742732 0.53609574213624 3.87687341426499 4.17995641325404
4.31638544308953 1.12128343898803 0.368371788645163 0.171707387780771 0.114471835436754
1.65818292880431 2.36783368745819 0.588223254308105 0.0985066196881235 0.200830132157452
1.99658731580712 1.0173438640777 2.67910171416588 4.5769194571767 6.82700880698595
1.57736756489612 4.87438785028644 2.36308502033353 2.69327971152961 4.73223729444867
4.29991824203171 3.69215109618381 1.31476145819761 1.05751033639535 2.66697921443894
1.58468295703642 1.09579175128601 2.63697182992473 1.77756756893359 3.51712101542212
1.59663276630454 4.38008723547682 4.35474156867713 4.51074302196503 6.70379820513272
4.79916804237291 4.97864783159457 4.40422982210293 4.60819512023591 6.98361145144634
1.54134172247723 0.512097938917577 2.94738375232555 0.058814330259338 2.10152018774819
4.39208464231342 3.14607898704708 4.61046518525109 4.65091333142482 7.10999485692918
1.68913411791436 4.50825896114111 1.86825128039345 2.74029059917666 4.15197146627649
1.22765282634646 1.11838510143571 2.23839142592624 1.04992916225456 2.99797374996656
4.46747800102457 1.04841787368059 3.32585096010007 0.437715804437175 3.09570073814563
3.86641214368865 3.37625757674687 1.59514333237894 2.48168118298054 3.92201657963255
2.46097824652679 0.803171447478235 4.51915710349567 1.98448703507893 4.51391927744718
1.19773661601357 3.18020093836822 3.1317866651807 1.10206927522086 3.11840847086524
4.90965279634111 1.78565299371257 2.31702288379893 1.27973817056045 2.91353975528506
0.450591321568936 1.32123854709789 0.630861176177859 4.61427451344207 5.03903428360305
0.993031255202368 4.76817768067122 3.69380620541051 0.811676863813773 3.12848667268904
2.74314786191098 1.33834330714308 4.31578785646707 3.46395752276294 6.02346228575035
0.182304107584059 1.2333770270925 0.558215095661581 0.676773979794234 0.99815777100158
4.12646429380402 0.695395725779235 0.832087827147916 2.22974902717397 3.10441214504002
0.0633260153699666 1.62808995926753 0.647709928452969 0.851408233866096 1.0934924875088
0.166635739151388 2.62860885239206 3.58937355573289 3.7418435967993 6.04786350469085
4.03652369859628 2.41761219920591 4.39618826727383 4.2285095853731 6.7995023978118
0.759767811978236 1.51396582950838 0.459779289085418 0.0695610221009701 0.274718602908554
4.54045622376725 3.82221039733849 0.0462618458550423 4.68254871317185 2.5696261145599
0.200857793679461 1.61589360795915 2.14048103545792 4.25144779728726 6.05745257070453
1.98725614929572 0.482888881815597 1.9780946278479 0.492315628798679 2.13546673970633
0.37468372611329 2.17296678805724 1.38945135404356 3.78550608525984 5.13785400263799
1.13705323659815 0.549111118307337 4.21793386572972 0.499723370885476 3.07631237638523
3.51356223109178 4.21404175576754 4.3260363326408 0.596310205291957 3.03324774226824
0.77368279453367 3.48776762490161 3.97074545966461 2.19675550586544 4.58457756546411
4.81302135391161 1.52871009428054 0.0913804653100669 3.34889414487407 1.80152012504529
1.18068630807102 4.75782252149656 0.722323182271793 2.74396658875048 3.41770849287431
2.43019453133456 4.77247957955115 1.88607605290599 3.64313696976751 5.51712834802833
1.50702484417707 2.35813896288164 3.79530662321486 3.04833699134178 5.23110225477769
0.732847588369623 0.364142205798998 4.24425628385507 4.84497095574625 6.98146924070151
3.98373976233415 3.36597158457153 2.19274874776602 2.66388444928452 4.24045468797119
2.73034415324219 3.46128116128966 3.9132491464261 2.82917621429078 5.43730655166766
1.07982684276067 3.42437540064566 4.10297231865115 0.00695385038852692 2.43425913906886
2.74373423890211 1.90119703183882 2.25364436744712 0.82629433250986 2.76324911416222
0.553390162531286 2.74623560952023 2.71295965183526 2.46223854250275 4.14438634455278
3.61918833106756 3.19259255658835 1.93450371036306 1.33489120751619 2.93271010833791
1.25173045904376 4.7493928624317 4.33365995297208 3.98711217800155 6.7308003980963
0.774705287767574 4.39077195129357 2.17070797458291 4.26642417907715 5.96009145878979
4.61615031352267 4.40706846653484 2.83950278069824 1.13679495640099 3.37616167092994
2.82637421507388 2.11218226701021 0.772007175255567 2.82873594202101 3.52297682953863
4.94152673287317 0.844618942355737 2.700433927821 4.82953844591975 6.91498105652544
0.283782706828788 4.27295556291938 2.95768311712891 2.24176091258414 4.05560450231177
2.73574170656502 0.151455255690962 0.332210063934326 1.94740876555443 1.9423981298537
4.65003618621267 3.26367278350517 3.28386509907432 4.84326286357827 7.33978978004016
3.28059863648377 2.98666456714272 0.955956163816154 4.58225160022266 5.86188181590398
3.34656352410093 4.09140635281801 2.49689183197916 4.17810168350115 5.90594804771189
3.52559176273644 4.9444430146832 1.12395099247806 3.96775608183816 4.70860079451681
4.58917057490908 3.03912215749733 2.36085920943879 1.4476760441903 3.39643266778628
4.27481310674921 1.1924924410414 4.56674146465957 1.15845083491877 3.32486030515948
0.932713557267562 0.718966618878767 4.01952393120155 3.48265005974099 5.76451359657553
2.14120158925653 1.47357335314155 1.30807444918901 0.391418953659013 1.7689724110433
2.92240982293151 3.32040252746083 1.98470026720315 2.04526586574502 3.9819482702449
0.793490870855749 0.0238251674454659 4.42062013782561 3.45309155876748 5.93690040301836
4.69047307502478 4.20126891345717 4.28085352410562 3.36317437235266 5.83167349714097
3.02502586739138 0.22428406169638 2.50718534342013 3.86573342955671 5.97006907679166
1.67385027627461 3.51227288367227 2.88516695029102 2.75632576202042 4.83862477497484
3.09840184636414 0.739661764819175 4.75281417253427 0.62065122416243 2.95169067057936
2.30581054114737 2.06174136139452 4.96951480978169 1.95965458406135 4.69537205150017
3.6741858732421 1.3253640208859 2.24196785828099 4.52777839731425 6.36366920928534
1.39497515978292 4.25335029372945 2.4341989250388 1.06874751043506 2.8089122687543
0.365116966422647 2.4013970780652 0.212938156910241 4.28431658539921 3.54102770569907
1.22348530218005 3.96822207025252 4.47050232789479 0.290961053688079 3.1162402829877
2.00089694466442 0.733693352667615 3.18133489228785 1.78955140989274 3.65426988616294
1.92799865617417 0.848427820019424 1.763171950588 3.06964975898154 4.6947660077698
2.81930521246977 2.32458248618059 0.357190687209368 2.29214357794262 1.76236048346653
4.35864530154504 4.03445581672713 0.382782352389768 4.81018439051695 4.60120047881749
4.4358794845175 1.76969424937852 2.92706205858849 4.39715501037426 6.92838019878569
3.92002452048473 3.08572998503223 1.03411040618084 1.72586379107088 2.77162945895196
2.93937405804172 2.81521509052254 0.196165122324601 4.07425952376798 3.46168887502306
0.0684052740689367 2.6179518410936 4.61484457016923 2.03396466909908 4.75884562054078
4.44376411265694 3.45929939765483 3.91635991516523 4.20826619141735 6.49265067753206
4.33094424544834 1.45100065274164 4.83002126798965 4.28773233084939 7.15784541310029
1.06352061964571 2.23626733291894 2.49077748390846 4.81322749285027 6.78816181864183
3.05864264722914 3.13499166280963 4.6458789461758 1.77404002519324 4.30570719497328
0.360829473938793 0.168582608457655 2.12367347325198 2.35882991342805 4.18961264175369
1.71414133510552 3.15835632849485 1.3154873426538 2.05640415544622 3.24979875291698
4.38377403304912 4.7933403076604 1.95338431978598 1.4947755378671 2.93201765080456
4.86979478737339 1.42510397941805 0.958443582057953 0.539412355283275 1.40621900041678
1.08339239959605 4.96735987020656 4.86969898454845 0.266365413554013 2.74536473960215
1.64188805851154 2.38634522771463 4.22423618496396 4.03479516971856 6.72287580760297
1.2645658175461 1.80002321605571 1.66387239005417 1.37511788983829 2.84161006164544
2.59954498382285 1.72266812529415 2.31023799162358 1.64327794103883 3.50667110702647
1.97768223937601 1.91454263054766 4.47187424404547 4.28952317568474 6.7148819771961
4.05916202696972 3.54773661005311 3.88874107971787 4.51997140888125 6.93810689515837
4.88129659788683 0.378247555345297 1.19588592322543 2.54674909752794 3.43826834892729
2.80937824747525 1.21952407294884 1.0012520046439 4.06299893627875 5.10319672587635
1.41052179737017 1.27597190672532 2.70660911453888 4.36011501005851 6.2990603090559
3.03740984061733 0.10247278958559 0.86195646203123 4.01949223713018 4.66323337532913
0.808923040749505 0.300746931461617 2.94911268283613 3.92813929822296 6.01985866132545
4.01630282518454 0.870862501906231 1.835122697521 3.87741238344461 5.40162095905856
2.67137359478511 1.55553412390873 1.59358868608251 0.479739017318934 1.74255835319681
0.662913321284577 4.15821799892001 1.41768751083873 4.24471516744234 5.56472989341146
0.493623682996258 3.89331224723719 1.34339241776615 0.105866125086322 1.5111872305343
4.4640381867066 3.0212386068888 3.6423519521486 1.16179485921748 3.69667333656167
2.53016879898496 4.42404297995381 3.19759746547788 3.14142847899348 5.50147696880667
3.6985742172692 0.61180378892459 3.07687697000802 2.59217441198416 4.78678407077473
3.78966976306401 0.619255643105134 3.99803931475617 0.288160488707945 2.34205540584161
3.91028549405746 0.490235730540007 0.0050485017709434 4.75477281957865 0.917620379156995
0.991771235130727 0.711778057739139 2.57084197597578 1.86516371672042 4.20843514341243
4.65929026133381 3.38220298173837 3.08689449680969 4.16618322022259 6.29574696861988
3.37979934061877 1.93444455973804 4.87547224620357 3.88925367034972 6.51097314615514
0.99380720523186 0.512332466896623 2.54432886373252 2.43817122769542 4.02293479613717
2.92579191969708 0.94546363921836 1.00396388908848 1.34783840854652 2.30215007855622
3.38073470047675 0.855286956066266 4.45064172381535 4.17306488845497 6.95013285636012
3.38990976219065 1.40244354493916 1.28219740814529 3.90382551937364 5.47103072475681
1.30318088456988 2.34854070818983 4.51177109847777 1.1700666428078 4.076092746193
4.18355646193959 1.92341026617214 2.37680184538476 3.56726227211766 5.55277249890854
2.49275691574439 3.6736484139692 4.25945441354997 0.215658681700006 2.61746354044051
0.578179062576964 3.27206228394061 4.97230515466072 0.318497002590448 3.23135289511603
4.59235621616244 1.9030675617978 0.825280016288161 3.18731514271349 4.19150025922318
2.86359774647281 3.79257485736161 1.44363870378584 4.91728838882409 6.09371233084113
3.81715253577568 1.18379989638925 1.49018753319979 4.28498965222389 5.71449846913075
2.93450298835523 1.46912859985605 0.969972740858793 0.964281593915075 1.69581162741775
2.75280372123234 4.4915380270686 1.43054779851809 2.86739930976182 4.14121716544824
2.24237752496265 3.01066196756437 0.0396837620064616 2.30288184597157 -0.0570132360048499
1.83931322419085 2.84884101245552 3.2966883154586 4.0184969920665 6.42656942163321
1.78927697241306 4.09060040838085 0.96449387841858 4.18749321135692 5.19238425766333
1.79242513491772 3.08007997344248 3.66675827885047 0.39079365786165 2.81709676503157
3.95508673856966 0.21679523284547 0.173653087113053 0.509618442738429 -0.3855954917615
0.465008019236848 0.551281862426549 0.468918364495039 3.15211794571951 3.72130145326595
3.34955851198174 2.19294759677723 3.24672679184005 3.33106483449228 5.63454042924694
3.37469821679406 0.795550486072898 1.642945316853 3.35021622013301 5.05612563374507
3.89504967839457 1.5490185120143 2.42972039617598 0.133460251381621 1.88116503882527
4.03090204810724 1.64842448662966 0.223979863803834 4.29350275895558 3.80026853421799
4.35955662629567 4.19015912339091 1.62677952786908 2.64412431744859 4.04243459473641
3.12072457862087 2.85479218233377 4.65152176097035 3.90377713367343 6.26997168886748
2.9562154202722 0.22748235380277 1.12138613360003 1.65806369157508 2.77184108759977
2.4392360181082 2.79366303351708 3.19385410752147 4.04887150041759 6.40998452950819
1.48177101509646 0.719500497216359 3.08172822697088 4.2202243313659 6.46097873415951
1.26497264835052 0.398437631083652 0.77557535842061 3.47249621991068 4.0728398619011
0.528333784313872 4.83072621631436 2.06772707635537 2.11033927975222 3.61206201898575
2.95922263059765 0.883667060406879 1.00319698336534 0.955802261596546 2.19011841685542
1.96978825959377 2.83005677396432 1.21948081417941 2.66509027220309 4.35755712488677
3.86586730019189 0.214756430359557 3.68439033860341 4.64361174963415 6.76180441962885
0.782114486210048 4.86154443467967 4.53957962454297 3.44985628384165 6.31718016353011
1.43571264808998 4.75058172247373 2.78162118396722 1.25300884130411 3.06778900493261
3.65585478721187 1.02835835539736 2.38979720743373 4.20081624179147 6.30386435596799
4.5636347704567 2.05313620506786 1.83036827249452 4.38603516086005 6.21917668517095
3.51851239800453 3.55141927604564 0.235774676548317 4.66127566178329 4.14207148074473
4.26309992210008 4.10889735096134 2.74335797992535 1.7370144976303 3.28791784299773
3.69680498144589 0.393602623371407 2.51159475417808 1.01761815370992 2.97298040887537
3.44467902206816 0.272349391598254 4.53834081883542 2.8656825167127 5.34262487018546
4.00484784739092 2.82631477806717 1.64814618299715 3.95387432188727 5.26554164784364
0.908916689222679 0.62253882875666 2.21643267432228 2.43370849173516 4.38571243383303
1.3772510853596 3.5467363637872 0.878451238386333 1.45915621775202 2.33434634192103
2.14805546565913 2.02501125982963 2.59608801570721 1.98601446230896 3.98702231996191
4.36739090131596 0.183294251328334 1.67863538488746 2.76596518466249 4.31022076475366
4.72562441485934 0.299255533609539 1.2207924365066 4.30608534254134 5.2969021519683
0.107512563699856 3.01060894271359 4.35028262902051 3.59940166119486 6.1988386516754
2.06945063197054 3.0423026077915 3.43008306110278 0.874256073730066 3.0924390083995
3.13800689182244 1.55548212584108 2.21481463988312 3.56798584805802 5.01308052117916
4.23808875610121 0.410665608942509 3.05020101717673 3.45147762564011 5.81927444344731
1.63301068241708 4.07268455601297 2.54937143879943 3.78096295171417 6.04134316609445
2.11764034698717 3.47967815469019 4.21190569293685 0.482951711164787 2.80856033464637
3.04010166437365 1.66688604629599 3.84835135540925 0.177100516157225 2.49474544248247
2.81445494503714 4.49642174877226 1.69947856804356 4.15311314049177 5.6495377973361
4.74178805481642 1.34611857123673 4.1999357775785 0.865856587188318 3.46459974464866
4.9648106622044 0.892331275390461 0.877021640772 2.04868836328387 2.67649930890204
0.207793390145525 0.0974295474588871 3.06467855465598 3.74682217021473 6.00869837470095
2.50261302804574 2.04466774594039 2.61247102520429 4.19366467744112 6.09365929755049
0.290200456511229 0.0541085936129093 3.55733752483502 2.0105176884681 4.2459242041102
2.77956500765868 0.863835273776203 1.20159237645566 2.66556163085625 3.73875963175358
4.31738577317446 0.240150991594419 0.170874213799834 0.0472683913540095 -0.831204685161577
3.24942643172108 2.00229245703667 4.2250265670009 3.17955402540974 5.89963270756309
4.01683078147471 4.9735512281768 1.37129943235777 1.67824904085137 3.18774432948867
3.00577647518367 4.21790695749223 2.76009054505266 3.28713243943639 5.26614846235569
2.0170499291271 3.41884839930572 2.17538944678381 3.96077076089568 6.01491726201468
0.0910341227427125 0.107455706456676 1.50583184906282 3.80387732991949 5.18590993224719
1.33721975027584 0.454968845006078 0.216901346575469 1.17836681660265 0.862211893584251
4.43044861080125 3.63243194064125 0.572838356019929 0.854935211827978 1.30901280531108
3.47732920083217 3.89265891979448 2.5699063600041 4.93239463539794 6.93038519629933
0.411323514999822 2.00195134733804 2.58426139946096 0.49979574047029 2.35962415433901
2.45660982560366 2.06444985466078 1.77717030514032 4.73055408452637 6.29997482526397
2.07102588377893 2.8842005180195 1.91166506032459 2.36609457060695 4.30429281704412
4.28461050149053 1.82920073159039 0.70588480681181 1.67405424988829 2.48766365109559
1.39096797676757 4.52585698687471 2.59877112461254 4.14260437595658 6.17387991345996
