"X1" "X2" "X3" "X4" "y"
0.0188309501390904 0.658847466111183 2.08105965401046 4.62383522070013 1.73747598435467
4.81696994043887 3.9995691657532 2.29992381297052 0.703199052950367 27.8292793810166
4.5006914366968 3.69548043468967 3.08883964316919 3.1696398742497 24.7930597444549
3.91432610224001 1.63455441128463 4.90166724659503 4.01758200954646 17.8585241267656
1.21554395998828 0.164278714219108 0.757733118953183 2.25726023782045 2.73199070087621
3.01332993316464 0.568051688605919 0.72452952619642 3.96286815521307 10.6233144777021
0.20527534885332 4.84972682548687 4.62886657915078 1.52896121377125 5.86027706617953
0.450240140780807 2.23606712068431 0.234085151460022 2.1983570267912 3.54229713296634
0.266012902138755 2.37466171151027 1.60499031189829 2.78809100273065 3.46304892534841
0.5426530551631 4.52772563439794 1.69779789284803 1.69275341788307 6.40296979457062
0.478324318537489 3.87821058859117 0.61017481260933 1.80948137072846 4.83395720996334
0.0198111135978252 4.70007630530745 3.89997693477198 3.28857080428861 5.79394969609923
0.382675718283281 4.43055821931921 2.03908234252594 4.56736732856371 5.50500585455195
0.452627724735066 4.65170315932482 4.08728601993062 4.56266286433674 5.5126307759387
2.88870364194736 3.73822281369939 2.46080540004186 1.41979532549158 13.1659548205729
4.75297360098921 3.45453729154542 2.37940390827134 0.333893353817984 27.2326019451009
4.5031622343231 3.1785517768003 2.12504315306433 1.18021483533084 24.3228460415146
0.195031281327829 4.91492323460989 3.9913442521356 0.707404422573745 6.32136542044364
0.36058621481061 3.70586512377486 3.74240481178276 3.8567284529563 4.83579688209561
1.74379666917957 3.13107717316598 0.912599602015689 2.3670806386508 7.1042992116775
2.06462698173709 4.6627607033588 4.85196897061542 4.1403803776484 9.99704927758226
0.316130588762462 3.5205254482571 4.37638459261507 1.64290393702686 4.72148789928242
1.70303502702154 0.196051094681025 4.47595562320203 2.4773891584482 4.4033933890587
4.61900056572631 1.49174251360819 2.069955378538 0.194157119840384 23.8601439448083
4.60856880643405 0.352378785610199 0.809561045607552 0.618266016244888 22.8217762019209
4.79380435310304 0.558922861237079 0.035012902226299 4.98351717949845 24.6217088649207
2.19689290155657 1.81297354749404 4.03199644875713 1.56170191941783 7.28276197999209
1.27691170782782 1.38884288608097 4.47956277173944 2.42022292339243 4.30282964328639
1.029633351136 1.60004751174711 0.507866073166952 1.81483870372176 3.82206980011901
0.62839271267876 4.61365139111876 2.41202495177276 4.48938507586718 6.03247240254555
0.718141428660601 2.80084360158071 1.35797856724821 3.30236439709552 4.51703581845283
0.864127046661451 0.907418975839391 0.208562542684376 2.62699088314548 2.35922365780247
1.60896824672818 2.35596308950335 2.49597524642013 2.40119600319304 5.95807084018302
1.48005431401543 3.2675967621617 3.33458387409337 3.71437895228155 6.30346315877761
1.06356310541742 3.46742207766511 2.47177372220904 3.19367189076729 5.62021679150602
3.45514522865415 4.95039875735529 1.74190411344171 3.73207521974109 18.0142930523328
4.72455968149006 1.67728479718789 4.54602905898355 0.173991062911227 24.8411490063614
2.94797535869293 1.31354376790114 2.87902110489085 2.83765013329685 11.0754426322981
1.06607596739195 4.88073035958223 3.67500283289701 3.88293052441441 6.89236418190425
0.515863010659814 0.505945601034909 2.8081153833773 1.85950871324167 1.50586411462661
1.31487332866527 4.50643800315447 0.572457907255739 2.99621790298261 7.33869656481782
0.727960461517796 3.47602068912238 0.400442477548495 2.78054334456101 5.27055805815999
2.56969130947255 2.35596724553034 4.57718692254275 1.50869419565424 9.81635294770035
1.82404745020904 2.97779557993636 2.89652955718338 4.70557390712202 7.31105872724884
3.70542221935466 2.54717183182947 3.90351802576333 4.88354959292337 17.1587785148205
1.77288926555775 3.89843953656964 3.81510138977319 0.307712925132364 8.1750197674072
2.54335536039434 0.572845065034926 2.29042688617483 4.02433176524937 7.77875140521709
2.65651492867619 1.44275683443993 2.4962099106051 2.02136132516898 9.48116284894056
1.51138641522266 0.986630986444652 3.98665487649851 3.46834850497544 4.153074424453
4.47978081414476 4.84578100498766 3.21841901401058 3.20101487333886 25.8734323996955
0.992496130056679 0.0176331156399101 2.08881913567893 1.48572688922286 2.24606105058471
2.64900092501193 2.27814598823898 0.182935828343034 0.936464857077226 10.3685904351693
3.53369558462873 1.28184347064234 3.20301373954862 2.23797273938544 14.9188238264361
2.76928062667139 0.652986450586468 0.491711703361943 3.26811187784187 9.56478037686045
0.86456288350746 4.91004172246903 3.13834091997705 1.15122046554461 6.96679018756123
4.9447452253662 3.10409804806113 4.84478654805571 0.0458039354998618 28.4421161868551
3.8091630267445 2.60969992028549 1.61824628710747 3.77219901187345 18.1647294261033
3.71905759908259 3.34051823127083 4.70444408245385 4.86441744375043 18.2072602139503
0.0598984945099801 3.46766335540451 0.0591911992523819 1.03356949402951 4.14995447797287
3.62186774029396 0.101192876463756 0.744969372171909 1.26591930747963 13.9405406665295
4.56390172359534 3.91297935973853 3.77374642645009 3.42712977086194 25.5934094022084
1.83911260450259 2.28253703331575 1.26962935552001 1.34447902906686 6.65679634578331
4.17280125780962 0.444719183724374 0.0372622779104859 4.99306094367057 18.8480096245118
3.13859218964353 1.89435101114213 4.59171025897376 0.559681473532692 12.7235671790296
1.02368663763627 4.19734240625985 3.08057840797119 3.21161463623866 6.1471366670287
3.06647326797247 2.74061401025392 0.686445678584278 2.05039647174999 12.9795198835651
3.40609464910813 3.97887961356901 4.55306899384595 3.4130811248906 16.5573432828692
1.18622220936231 4.04027203097939 1.24022003263235 0.655425096629187 6.870465786036
0.0844418699853122 0.777118150144815 4.64559293934144 0.141043121693656 1.95898360809168
4.28850676980801 0.934440712444484 2.69373279530555 1.18997071054764 20.0620806280033
2.28193272952922 0.616334259975702 2.15619957190938 3.61685235053301 6.79920431230765
4.41652680048719 3.73746793833561 1.69723102357239 3.06668836739846 24.42464189677
4.59706280846149 2.70021290401928 2.093278671382 0.933016360504553 24.8013107261955
3.99562692502514 4.98056646436453 1.33941685315222 1.83291843626648 21.9742356115283
0.579671963350847 1.18886646814644 0.322203658288345 2.54635447636247 2.62118625367096
3.58788660378195 3.94399120705202 0.483368592103943 2.51379863591865 17.7163055080047
1.99644703534432 3.82688650977798 0.469545928062871 2.06825726549141 8.68849399513171
1.78238970343955 4.95263374526985 3.72008353471756 0.398666566470638 9.19435979772132
2.25968347862363 2.14055257383734 1.65623910259455 0.668069476960227 8.63740217452741
3.9112152159214 0.718075886834413 0.388537539402023 4.53967584297061 16.9432670138099
4.02038811822422 2.72068044869229 4.57444273983128 3.06366634787992 19.9031896204831
1.88549085054547 1.26189047587104 4.95330510195345 3.26925335335545 5.89791386076211
0.144907477078959 1.17260370636359 0.0517032714560628 1.05586968245916 2.25794834760857
0.222075463971123 1.26759895356372 2.6730951666832 0.0776878953911364 2.05740927615221
3.24075874988921 4.08831559703685 2.90115554467775 1.28904251381755 15.5551041227026
3.35506577510387 0.0688294623978436 1.4710831339471 0.763560893246904 12.7983045431422
1.52157772099599 0.848408712772653 1.54578508576378 4.74581455229782 3.99013025803675
2.91111801983789 4.01640650816262 0.531990989111364 2.66153137083165 13.307324601684
4.54743376700208 0.494318167911842 0.411252153571695 3.39811978279613 22.1577511176429
4.72109165275469 0.707143247127533 1.8130507634487 0.996630596928298 23.9038892488164
2.88144797086716 3.69764848379418 0.812973636202514 0.703129405155778 12.9856862502242
3.2058141566813 3.75513830571435 1.6197554487735 3.37338962126523 14.8665466340289
1.45246529136784 4.21415312564932 4.72925311420113 4.22932302695699 6.97259722450713
1.36409188969992 1.04128254577518 0.826174470130354 2.9143741435837 4.12660836375699
2.08990686223842 0.0457362551242113 0.739000157918781 2.84106824663468 5.4901058973055
4.06850948231295 1.76691381493583 3.48891744157299 1.38750575250015 19.394932668221
0.815354314399883 1.57544303336181 0.71727670263499 4.45087557076477 2.77065646732213
0.571756270946935 4.50956802698784 0.365394229302183 2.18405229737982 5.99564523872465
1.43762161373161 4.58126907004043 2.36502187675796 1.17225568159483 7.75629582374552
0.731517696985975 4.46338122012094 0.641245957231149 2.1121804183349 5.85084520710074
4.74653122480959 3.64410450682044 2.31144851190038 0.168635138543323 27.1524258831362
2.13273210683838 0.364510144572705 2.47364316135645 3.17328572855331 5.93130857175542
3.73651136294939 2.20399413257837 0.525224019074813 4.89400303456932 17.173702596509
2.81922772875987 0.446646659402177 3.3432054403238 4.77150277001783 9.52170170497877
2.66600947128609 1.76684957346879 4.27429811330512 2.19574080430903 10.0542939780744
2.71711070789024 1.47957347100601 0.0730230310000479 3.90188391553238 10.3383779184746
4.22689588158391 3.24860121007077 4.24789407290518 0.146778197959065 22.318319005233
4.09577068174258 2.72950157290325 4.82087674550712 1.83799959719181 20.5700790069663
3.28930977615528 3.84773583034985 3.15228893538006 2.7544986421708 15.6606290029882
1.91529259667732 3.10588840977289 2.53626368008554 3.91724181128666 8.0773220669208
3.67550771567039 4.22476713894866 1.48382687475532 4.59298386238515 18.5049467712354
4.5164427254349 1.89629841013812 2.28763965889812 0.181784614687786 23.1142641953148
2.08455772488378 2.68187372945249 0.673196346033365 0.542719902005047 8.08149136685138
1.77042337600142 3.8642556942068 3.76473704585806 0.846642618998885 8.06068301386447
1.35493504931219 2.24844532553107 3.73374348506331 2.47747249086387 5.47778012215628
2.60243350989185 2.40659779403359 0.466765370219946 4.84263730118982 10.5193698916266
2.56361498613842 4.7665037040133 2.31758923619054 0.81845504231751 12.249259929662
1.50296568637714 1.2384726293385 3.06866051978432 4.56679509836249 4.18899841529724
2.43745483341627 1.87067872611806 2.63729108613916 2.26311517646536 8.76672329219397
3.78807245055214 3.86381394346245 3.86329504777677 0.267465186771005 19.4893408932465
2.44541356689297 0.556338446913287 2.41440345067531 3.96724425489083 7.39290002064556
2.53074925858527 3.06907530291937 2.4461532488931 3.23678700951859 10.7025036684167
1.98775082477368 1.36013939394616 3.91765017644502 1.47501426865347 6.48034800119248
3.52358696982265 0.876103907357901 1.05686538619921 1.0616859246511 14.2760988702813
1.92585613345727 2.46276874211617 3.6095818807371 2.13204751955345 7.26668814948777
2.22240609466098 3.99234911892563 0.477179915178567 3.22095045936294 9.9657601063073
1.57119683804922 2.23765039700083 0.278587196953595 2.7697195217479 5.9382390255656
2.371027917834 4.26355391507968 0.999713636701927 2.2048861195799 10.9163589946202
4.35434051905759 1.18183382670395 1.17534312419593 1.84314998332411 21.2919237053011
2.64109059353359 1.58718377584592 4.03822531690821 3.6429759755265 9.6053279413267
3.65565892425366 1.32254343945533 4.64110670844093 0.84519135998562 15.5377067499184
3.72116010868922 3.57347844052128 4.14961718721315 2.05328337033279 18.5126176682901
1.82969038723968 1.64222688996233 4.3229536304716 4.79131001280621 5.65899189567039
0.674074001144618 0.685863111866638 3.87917773798108 2.98751491121948 2.56215047680035
1.43449875875376 1.8630314967595 1.45570791210048 1.20448562316597 4.78800694543403
1.43637317116372 3.46650422899984 1.41856887494214 1.39201911515556 6.17394397144474
4.04492827947251 4.27906669327058 0.446039573289454 1.14387046196498 21.7297317594306
1.77500260411762 0.84399254177697 0.654250580118969 1.32575062685646 4.73187228037527
4.92838448495604 3.90133839217015 1.55920379795134 1.46847433643416 29.26441561713
2.55032240878791 3.36138473008759 3.40357948793098 3.20544688496739 10.9158754156054
3.52616574848071 1.39815617236309 3.19050327525474 2.04486829810776 14.9831053073404
2.25525393849239 4.74003949668258 1.15282200044021 3.68391552241519 10.9664168607568
3.61017185845412 3.1743928254582 1.68607115745544 0.651288875378668 17.0268182754936
4.29989987751469 4.03505625552498 1.30331958411261 1.95476244552992 23.395978314618
1.20330845820718 0.255087888799608 2.96569044003263 0.236069314414635 2.78541246709139
2.04449129989371 0.760230546584353 3.31025975174271 2.50801001209766 5.90407281385308
1.48638825397938 3.0652065994218 0.658923157025129 0.167476715287194 6.05134002670725
0.0844575860537589 3.76483588363044 2.92964226566255 0.680193158332258 4.74010664603909
0.363142471760511 1.83941892581061 2.30186175089329 1.56838706810959 3.18857623501756
2.11454918142408 1.23098616953939 0.306743999244645 4.5866407523863 6.7132720942082
0.433925198158249 0.730653702048585 4.56588893663138 2.06258691498078 2.06057071970435
4.7021533746738 4.85640640836209 1.98029292048886 3.4521475317888 27.9273190050079
2.13548015686683 0.401007507462054 2.60973817436025 4.22147988690995 6.0815332784621
3.68866073782556 2.49610725906678 1.38901059282944 2.09079514374025 17.1756680825856
1.47639713250101 4.96211546007544 4.4388124672696 0.905488117132336 8.42017741983918
0.445126049453393 3.1969798495993 3.92844315269031 3.61462467815727 4.0052376603346
3.53515182854608 0.383832232328132 4.13676419528201 0.44968024478294 13.722147708613
4.98185125063173 0.107215319294482 4.64843294466846 1.56513170455582 25.600256861117
2.31602936633863 3.33093207562342 4.05471844715066 4.51398593257181 9.67993339053895
0.587062435224652 2.77554953936487 3.90322982682846 2.36974623054266 4.2009162440726
4.73725333344191 0.96729670651257 0.731618077261373 4.81336606899276 24.4861318943053
2.76539910933934 3.39834500453435 4.21388352289796 0.354558668332174 12.0952434594892
1.88252864638343 3.28253607731313 1.67647740221582 1.69439151650295 7.82806181719102
2.84689472289756 3.16121038631536 0.0890782452188432 2.78738417197019 12.1723722550573
0.72444619727321 2.27738015004434 3.49749959306791 2.37801547162235 4.02173966277847
3.34043642156757 4.45275766775012 1.22345644165762 0.0620897649787366 16.7710016430661
2.36292509711348 3.37220993707888 3.96710166474804 0.0563585257623345 9.85637658641748
1.72010713722557 1.21047234279104 3.81925460649654 1.45397974876687 5.07598800673845
1.34267799556255 0.234829696128145 1.71000367263332 4.13892889395356 2.55297912584642
0.719582602614537 4.4178438000381 2.86301614716649 0.515620177611709 5.85474481407861
1.94015345769003 3.02740308339708 0.632690555648878 2.19363537151366 8.02809732043096
3.51859548944049 2.42805419838987 1.33579432731494 4.45997761213221 15.8277138394282
0.595742894802243 0.358653664588928 2.23916862625629 4.50506058055907 1.97697437615079
4.33408059645444 2.71990185021423 4.86269761575386 2.99170497572049 22.7900363639358
4.08494956209324 4.97445652261376 2.29246579576284 2.56787708494812 22.5474961510645
1.45126261748374 3.82196806953289 4.49255085666664 1.03941721376032 7.04179843638971
1.4153509947937 3.76617976580746 4.88925161072984 0.723468677606434 6.86747636779474
4.40893148770556 1.34660407085903 4.05442921561189 1.00555833429098 22.0069916887309
2.83991871518083 0.725155081599951 4.8513554292731 1.25520181492902 9.76895759182148
2.68638694309629 4.10254161455669 2.91107658296824 4.10478357574902 12.0903359452483
1.92526797996834 0.723194064339623 0.848742983071133 0.411095389863476 5.83041035811554
3.25408059405163 4.76777432253584 3.48545978195034 1.68657005066052 16.2006364465849
2.5619143655058 1.86327197705396 1.36622989550233 3.11754715279676 9.75713376174331
0.457200312521309 2.39761398755945 3.78774003591388 3.78961924696341 3.52197862399658
3.87426422326826 0.970109162153676 2.06564990454353 3.3985344064422 17.1543542609819
0.250475400825962 4.51679797261022 4.62080900557339 0.733500812202692 5.50408972764148
2.16733022592962 1.47209388320334 0.646320468513295 2.81686820322648 6.88508116916162
4.04312739265151 0.521867538336664 0.870751908514649 4.00418839999475 18.3134732096421
1.2995539966505 1.42797081847675 4.04115072567947 1.32394375628792 3.81100765538483
1.11587899504229 1.21798916370608 2.23274013958871 3.64314725389704 3.40633479116357
3.97674001054838 3.74855340342037 0.327576983254403 3.28276713495143 20.548235781441
4.31787649402395 0.244183742906898 2.8621101565659 1.6530355613213 19.7459332551321
3.54576347279362 3.77177825546823 0.306013260269538 1.71253697713837 17.249701762724
4.73443743307143 0.866390025475994 2.53168511204422 4.52025878475979 24.4285822079958
3.42314838664606 1.55200446606614 2.03624322195537 3.08152657933533 14.6339533101384
4.31845141923986 4.00180756929331 4.5420932257548 4.96673892019317 23.7446975579886
1.1893213854637 4.56224923371337 3.44924304285087 1.40799500513822 7.06723057321045
4.0223780204542 0.178478339221328 2.17751457355917 2.17836397700012 17.4907216575015
3.88663611724041 4.62707339436747 4.02298844768666 3.08339195325971 20.7547863117471
2.27254741592333 3.41686776489951 2.0415641926229 0.388036222429946 9.50926971231793
2.25586564862169 2.42306371917948 1.12306657480076 4.41153655410744 8.47688111319593
0.23643160937354 4.69150102930143 3.35251064621843 4.17314496589825 5.7313995710328
0.617999394889921 3.03677480784245 3.30629989970475 1.24140142113902 4.45836304409154
0.509835876291618 4.09929857007228 2.05953133641742 2.09119904669933 5.55193691667098
0.828080259962007 2.42660670075566 0.469062214251608 3.03269815281965 4.51222734229777
1.78144774748944 2.27144238655455 0.793427985627204 4.58033391623758 6.4037686985499
0.902362260967493 2.08062953315675 1.60747519927099 2.95156934997067 4.07621855696963
0.397961817216128 1.40482094720937 1.55790223623626 3.56581896427087 2.73781691347788
0.578694937285036 1.86187035636976 2.31126296333969 0.304611928295344 3.20126412428417
2.36239821300842 0.77385205659084 3.36027983110398 2.1056242659688 7.47664074878108
3.72700702515431 4.40908038406633 4.88862613681704 2.48007897869684 19.4869244945215
4.35284468811005 1.03406196925789 2.02226861962117 3.38316642330028 21.0256647559877
1.94869193830527 4.4068987260107 0.0303831498604268 2.26120952982455 8.94205408242295
3.88613826944493 3.81791587686166 2.87659444496967 4.9157699814532 19.80446064129
4.94396441616118 3.51363413152285 1.87628499232233 4.76499433629215 28.9400301434917
1.76779224071652 3.12832375406288 4.24076164257713 1.39612531056628 7.10488943487813
2.48994627967477 2.25300085148774 1.95834602112882 3.82734805927612 9.74539016761126
2.19998071552254 0.0721478974446654 3.8034967368003 3.06972802965902 5.79790856135511
1.55398642178625 0.690062002977356 4.26640479592606 3.18432852975093 4.04134635009807
0.619406774640083 3.01808843738399 2.88806179654785 0.952769132563844 4.51243868317966
4.35427556396462 0.359209553571418 1.36212059296668 3.08422773261555 20.3693767257706
1.81052648462355 1.74069011816755 0.496175755979493 1.5885043120943 5.95744489934665
4.18929777340963 3.30323581118137 3.76136295148171 2.80292635201477 21.7808143599933
1.22363624162972 2.83365920535289 3.09960726764984 1.31149025866762 5.02080330674358
4.95611635968089 1.16848333389498 1.84176277718507 0.812094176653773 26.6944131744671
3.42449623392895 1.58859047223814 0.166459151078016 1.45632016821764 14.3375167384225
4.18910632841289 2.01239261776209 4.08776715281419 2.84287374932319 20.7320344812595
3.32466740976088 3.92188835539855 2.14918062556535 1.69559301342815 16.1081939502883
2.63595717027783 3.94049929454923 3.13809899729677 2.66096291597933 11.6983649073215
3.98792482796125 1.97811353253201 0.406778553733602 4.42657335079275 18.6491612928768
0.188296950655058 3.85616609943099 0.581844989210367 2.26994697935879 5.00642307319211
2.35363408224657 2.50680592260323 0.467566543957219 0.772330064792186 9.14734680700995
2.82993245869875 3.4348303230945 1.78709811647423 0.320756813744083 12.231347631176
4.15593873243779 4.28416309296153 0.905535044148564 3.76884248573333 22.801762596643
1.26394541468471 1.32243157597259 4.19887634110637 1.67661963147111 3.90256702807055
4.49046841473319 3.14389411592856 4.69593153917231 1.64844170911238 24.3259688086295
4.92588407010771 4.62211716803722 4.04618439497426 1.13319715019315 29.7410631856103
4.61257683346048 1.63182657561265 0.942539148963988 1.62544459686615 23.3358206143203
4.18814787059091 2.29326752480119 3.24583912268281 3.59943772782572 20.994721592574
2.51881200936623 2.73105582920834 0.429966393858194 3.96349593997002 10.2088749015816
2.60270869592205 0.619173073209822 3.77693951129913 0.22791099618189 8.46271265813213
2.19187312293798 0.34388258936815 4.61995437275618 0.590102089336142 6.38922460840376
2.13983150897548 3.64771967753768 3.88792981160805 1.19575685122982 9.11178679704953
1.92242923309095 3.01493100356311 4.75161946029402 0.817124431487173 7.71950900107443
3.03727265680209 3.25395212275907 0.00608108122833073 4.4480614666827 13.6576390398595
4.75844606058672 3.74524390208535 1.80750094703399 3.169176512165 27.2229483791064
0.221071681007743 0.634512074757367 3.71907776105218 3.22065012995154 1.92926306032061
0.909213828854263 2.92216710164212 3.50597097538412 2.02932818909176 4.85280484265381
2.43433246156201 0.0686148484237492 2.7089917275589 1.76429255050607 7.01472206687472
4.78148787864484 3.33433092571795 1.51093168766238 1.51262645958923 27.0574312481173
2.36419387510978 3.61832502880134 1.7822045320645 1.31992083857767 10.3774364241911
2.99436399829574 3.12515999539755 1.08745528152213 2.76855523814447 13.0837042524646
3.24096135678701 3.2779917831067 3.80727579817176 4.8863302229438 14.8753938745502
2.88512249360792 0.878960831323639 0.211138169979677 1.60665667033754 10.1406031792359
3.5899070603773 4.41412964020856 2.23685731063597 2.2187855723314 18.3639599027534
2.92843915056437 2.75205511949025 0.36292846663855 3.23859277181327 12.471129035843
2.25351994042285 0.273110904963687 1.96520670549944 2.36657250905409 6.17030683443552
1.46327204769477 1.96169459261 2.22726318286732 0.166654713684693 5.17654547082618
3.38600187795237 3.16914206836373 1.29779715207405 3.9164144336246 15.3199116652996
2.93585050501861 2.41137296194211 1.52314047678374 0.0360272463876754 12.3501445175122
2.62050653574988 0.344615232897922 2.3380915413145 2.58768280269578 8.62599148989683
3.08824323816225 0.141623312374577 3.55881133466028 0.464023556560278 10.5802339391998
3.93686243449338 1.24203075305559 3.42308135703206 1.70998530928046 17.5594668049324
2.74254887597635 0.418717940337956 2.50602922984399 3.65261032129638 8.93214358840506
3.44038471579552 0.0515948736574501 1.32692459272221 2.97112194471993 12.9426774915722
2.35120302764699 1.50054682279006 1.6603238962125 1.30362262949347 7.77100674532645
1.04269823757932 2.37487818580121 0.873893114039674 0.493362513370812 4.1861106697504
2.67439267132431 4.91213163128123 3.93046691315249 4.84261503443122 13.276978299331
2.94095857767388 2.7842498885002 1.86555931693874 3.86756580788642 12.3846145126871
2.09870232618414 1.4394585066475 4.91244883392937 1.62240185774863 6.85997443649963
3.40611291001551 2.6258859608788 0.487680309452116 2.45185476378538 15.4137732882032
4.1676874528639 0.0276261265389621 1.2215976708103 2.39194037509151 18.6721454516917
4.17594211641699 2.67572911572643 1.66656707995571 2.53176623140462 21.0810457919989
3.40229609282687 2.75438251090236 2.63108194922097 2.25068447296508 15.1990284468041
3.89597918721847 2.26691849995404 0.243657606188208 0.566437572706491 18.2101229676024
4.1595657041762 0.480844936100766 1.98007411207072 1.79260797682218 18.6313051658969
1.89147495897487 4.906369545497 0.0202880951110274 2.32026688521728 9.12985003708079
3.39563615503721 2.9297935415525 4.93234058725648 3.17600433714688 15.254635656317
0.637550998944789 4.45240112021565 1.7133736028336 3.83696168079041 6.06709556526225
0.848495324607939 4.28343972191215 3.28352472512051 3.79656700766645 6.11093594847776
1.58317549154162 0.530625894898549 1.5947034698911 1.60599260707386 4.03108605080268
1.31261631031521 2.8855030471459 1.36477916734293 1.26753812190145 5.59690332122667
1.4424789766781 1.34688435471617 0.702501370105892 4.49987299507484 4.58641707398089
0.179128119489178 4.15820496622473 1.14064099965617 1.18464125669561 5.26632124303579
2.47659333283082 3.35331750917248 4.96401843964122 2.16394061106257 10.3213306423407
3.19967694580555 1.1089686350897 2.92880959808826 1.05079005123116 12.1491553167976
4.2810195707716 3.6679573613219 4.11571761011146 1.85481211985461 23.2918922345416
1.91560157341883 3.48698061658069 2.31124219251797 2.6537215791177 7.8512759611195
3.98775963229127 0.24041696335189 2.12767092394643 1.04451812920161 17.4846002359265
4.72622140310705 3.20826092851348 4.39181645633653 2.75271700578742 26.5410647439016
1.40057114535011 2.55930722807534 4.23578706919216 4.05138759757392 5.13432025433387
4.11532033816911 4.35659574810416 1.32569794659503 4.74071867531165 22.4381510033318
2.03482057666406 0.0491376419086009 0.200228398898616 1.50360375526361 5.08157510018172
1.49927316233516 3.75806479132734 2.51150108990259 0.993602715898305 6.82140852534036
0.252279340056702 1.17867659544572 1.11355985398404 1.75690285163 1.99475056453861
4.02374804252759 2.05318958032876 2.85042453557253 2.17070350190625 18.9481885056122
1.35813443106599 2.28130296687596 1.77132085082121 3.26516736415215 5.18026817843751
1.42055472824723 2.84104788210243 1.02100396994501 1.07045174576342 5.30864020886414
4.55034516518936 3.67221373249777 1.34977769106627 0.305475925561041 25.2785524679653
1.1949547578115 3.91578885260969 2.7143669850193 4.78894998668693 6.25410057424046
0.0140498136170208 1.66193735785782 4.24241730012 2.65667719650082 2.92481598623598
4.35774437268265 2.19620691146702 0.842860059347004 1.49973472114652 22.2999762071937
2.42560850339942 0.700605717720464 1.47951084305532 3.68875530781224 7.48470069145135
0.821072873659432 4.13682662532665 4.07511424738914 0.985426927218214 5.43878180157229
0.466286768205464 4.02559232898057 1.39919692184776 3.43841300345957 5.14218995097511
3.49263762007467 4.33481576968916 0.746602884028107 2.98036369378679 17.5685254947855
2.45063966140151 1.66894938680343 0.239303599810228 1.20965603273362 8.7360456831564
4.01848487788811 4.02939646504819 0.156161302002147 3.96944561740384 21.5830973331501
3.55836281669326 2.59732047445141 1.4444031030871 2.02662819530815 16.3918668728568
4.57263590651564 3.47729318076745 4.5937242009677 0.426281457766891 25.5145129969936
1.78367735585198 4.38023985596374 0.28333002817817 1.65566212148406 8.29745621345999
0.114181181415915 3.93545610713772 2.63777186512016 4.49877341394313 4.70873204901045
4.8693641286809 0.580115667544305 0.768351532751694 4.83215976273641 24.764235915655
4.47583127883263 3.13194200396538 2.48842667439021 2.06279606325552 24.3709314076984
3.59225554042496 2.95170883531682 0.32773244776763 3.99843366583809 16.9344452693843
1.19028912158683 4.91969536989927 3.55368573800661 0.872511796187609 7.58716662762835
3.89742735191248 0.536713810870424 2.22826085751876 2.99082120181993 16.5556446640845
4.25261944299564 0.196280593518168 1.22961119748652 1.69305263436399 19.2165438554012
2.99232768709771 1.12339894287288 2.32512426213361 0.350017742021009 11.2144522394233
2.99027399159968 4.07653444330208 4.35681627481245 0.494609075831249 14.6114609788854
3.18559756153263 1.32277471362613 1.28427461371757 0.927826554980129 12.5296277581835
3.93293566768989 1.51342848083004 3.67908015148714 1.89672968233936 17.9182808791993
1.47673673345707 4.50427850475535 4.61250118678436 0.314875196199864 7.64941270402965
3.35771619575098 0.771525407908484 0.430589122697711 0.848521343432367 13.2293100510579
0.421524802222848 1.85896933428012 3.11968004913069 4.31569364154711 3.13930949951284
4.56514157471247 3.22902530431747 1.03813859750517 2.5635825144127 25.0281748007821
4.50715378858149 2.71479229559191 0.102209581527859 0.924440188100561 23.5084547059618
0.261073252186179 4.8512719955761 1.87327188556083 2.99732164479792 5.73335757688228
4.30574913392775 4.28776837303303 1.88720759702846 0.388608312932774 23.6964241343883
4.65938472305425 4.52829617890529 0.911306847119704 4.54898324678652 27.357766161982
3.46411718172021 3.38135992409661 0.930873113684356 4.11493181716651 16.3093170413411
1.32709770463407 2.62657458893955 4.62343944003806 1.90826744423248 5.66369769714845
1.95293662021868 0.509242250118405 4.33212209143676 1.77523325313814 5.49969916349435
0.86888438439928 0.983224472729489 4.84090332989581 2.26956214057282 2.58069789112647
4.79732540552504 2.95585908810608 2.88596039870754 0.775467474013567 26.9994887548421
2.24163766833954 0.396325751207769 1.84544563991949 2.53681620000862 6.90924563978487
0.646639717742801 4.0568930178415 1.17506528622471 3.04624359239824 5.0956130447294
4.2258235544432 2.63352860929444 1.91141021903604 3.04903572774492 21.2845150520673
2.56771466112696 0.372780490433797 0.854364505503327 4.49913957272656 8.11552405098091
0.744950457010418 2.74784642504528 1.09209434478544 4.80116293067113 4.17332055226824
4.96910543879494 2.61042688973248 3.49386247107759 3.7672725727316 28.3722075406303
4.72051342250779 4.08809134270996 4.19401796651073 1.03569049737416 27.4037010815812
1.05409019393846 0.757608208805323 3.27772819204256 0.167160014389083 3.04290010988231
3.56974914320745 1.41744247055613 3.3634893479757 3.60165759106167 15.1942465617363
1.67178526520729 4.58705778350122 0.036693470319733 4.9901022715494 8.42203594320307
4.71244581975043 2.02373157604598 3.22684407583438 4.83046958921477 25.3504894470553
3.17040922003798 1.97449603583664 0.89330502669327 1.2158032041043 12.6697068336758
2.1659268217627 3.49235958536156 3.89228043379262 2.99872177070938 9.57144136319284
2.61987655539997 3.63295620307326 1.97644741856493 2.42897025658749 11.7420997045356
0.552253535715863 0.0461232464294881 1.67279934743419 1.75552314845845 1.50091498230338
1.00842269253917 2.33638197300024 1.6585724579636 4.71505136229098 4.46368410558353
0.536553016863763 2.46226647635922 0.851785313570872 1.39833330758847 3.80503212446721
3.53280802257359 0.103495008079335 0.813694472890347 1.60319439833984 13.7051285058132
1.54719530255534 0.864016686100513 0.413142441539094 2.18196075060405 4.09416140716957
0.219384863739833 3.79907420137897 0.803047607187182 0.618444666033611 4.4269838566363
1.03915072628297 0.209015375003219 4.24294828204438 4.80796776828356 2.36900526280199
4.48572973255068 1.76692340290174 2.09545262507163 1.33123296778649 23.0596216663785
1.89905577222817 4.74289425299503 3.40737058664672 4.68785530305468 9.6640846943135
2.99884979613125 2.94589438708499 3.58979696989991 4.0281635359861 13.01840340667
4.00141611113213 3.97097353124991 0.936241416493431 1.98676879634149 20.9119315524938
1.31101990817115 4.13931091898121 2.45148783549666 1.99498702888377 6.65191861049695
4.06928222742863 2.58943776716478 1.29642479587346 3.96833518752828 20.3282406368231
3.17344864364713 0.457910527475178 0.672978602815419 3.99388513527811 11.2751425778067
2.47936592786573 1.34847845649347 1.92121578846127 0.254190140403807 8.38703197778083
1.91119504277594 3.60594008001499 0.319473587442189 1.01207906845957 8.52371818429441
0.429075611755252 0.328092481940985 2.29162547504529 4.87603008165024 1.5450720893176
1.88689578906633 2.79341527028009 0.0897949282079935 1.90850588376634 7.75234903989476
0.180496854009107 4.32039601961151 1.94611859857105 0.646597391460091 5.3980061989261
3.20180588518269 2.37194164656103 0.599150258349255 0.439803939079866 13.1626642914958
4.84360731439665 3.80803412524983 1.90708612673916 0.491478212643415 28.3777896446542
0.121996905654669 2.42570389993489 3.01785519579425 1.97829234879464 3.35534103216027
1.90718249534257 2.80167209799401 1.70230299816467 3.312009901274 7.64827089716751
1.40886699897237 2.71656110184267 1.59399678348564 4.81228842283599 5.58585276392636
2.31405033962801 4.47802265523933 3.85089248069562 4.64626077795401 10.6287252097907
3.72806077706628 1.81132928002626 4.28585623973049 0.148563400143757 16.3787274915481
4.7227607271634 4.24936296534725 3.64035035017878 4.10242073237896 27.7000997385302
4.42297798465006 3.00942657981068 2.23641464253888 1.9485243735835 23.3183032977335
0.297815627418458 0.538843206595629 4.44730712915771 4.20437641674653 1.33541918411323
0.716084982268512 2.378997936612 2.04560609883629 1.2477347208187 3.80704369930336
2.65601469902322 4.57889297045767 3.14532938413322 1.74888950190507 13.1500045042695
2.0727029023692 0.764947921270505 3.61084026168101 4.46538336924277 6.14956740194376
0.160725066671148 4.7325996006839 4.32019085623324 2.82320026657544 5.79544034143991
1.41851693508215 1.43082883674651 0.850565223954618 2.71160752046853 4.29389704329313
3.00308687612414 4.95418007252738 0.679689439712092 1.82658462435938 15.0549706843884
2.45187159511261 3.25299731106497 1.93336962256581 4.05768603319302 10.2003260245793
4.23654917860404 4.58721706294455 2.00088082696311 3.73763773124665 23.5001215148548
0.327913891524076 3.45957177923992 0.482392584672198 3.63540079095401 4.63839462283567
2.84889358910732 4.60413849097677 1.16371049312875 2.7323908242397 13.6490038571237
0.190595664316788 1.41404886730015 4.4310663046781 2.84329780144617 2.56724999332109
2.24824367207475 0.221759078558534 0.155315499287099 4.63690199074335 6.06322935890204
3.61475084093399 1.43864893587306 2.40913115092553 0.0654676463454962 15.6868219938401
1.53749522054568 3.95015607820824 4.69815760967322 3.79218087531626 6.72635672874492
3.82778263883665 3.47896035760641 4.2780793341808 0.351396810729057 19.2941468906652
4.79712675092742 3.81893890909851 2.27359107113443 3.47594826598652 27.683294509653
0.118009186116979 4.19196785078384 2.95255013625138 0.982730261748657 5.52548186809276
2.47742515522987 0.126678484957665 1.77159881219268 2.99827286158688 7.2248289366986
0.493183514336124 2.99173187580891 3.6399707570672 1.19220310240053 4.00457355970058
4.8719501006417 4.04437974444591 2.88428282248788 2.31258066603914 28.9323911491567
4.38699583639391 0.750557417050004 0.149075210792944 0.651261580642313 21.0739153314951
4.45878530037589 3.5419104876928 3.59045514604077 1.07150592142716 24.372595656179
0.264224262209609 0.134278584737331 0.69061589660123 1.87835777411237 0.923111870754576
3.32697341335006 3.64498362527229 2.11205606232397 2.4275642761495 15.4525439466636
2.40867346292362 3.81125915329903 0.273474260466173 1.96545499609783 10.3086714777583
0.634717949433252 4.26528654876165 1.38367755920626 4.27564263809472 5.69268199619068
1.26532467780635 4.48100421112031 2.05168899497949 3.02760930615477 7.04832927029398
2.24301971727982 4.41872046794742 3.78674932871945 4.41744567244314 10.6336201458391
1.51239994447678 1.58449705108069 0.772550783585757 3.41574496822432 4.86506819363884
3.93374339560978 3.30199555610307 1.27748657367192 1.3960070523899 19.6769636397493
1.72658062539995 1.99148892774247 3.53195933275856 0.290768871782348 5.85010340296456
1.1184990266338 3.29628683975898 2.97083381563425 2.50183392665349 5.21636209238883
4.09516194369644 1.90086990478449 4.99818432610482 2.43021996575408 19.6452935637257
2.82502778223716 1.08535401523113 0.278107869671658 3.87328873970546 10.4441882084475
2.0828338584397 3.10384546639398 3.74226808547974 0.560006004525349 8.6553507550727
2.43319870554842 4.61797349969856 1.18767168140039 3.11076770769432 11.5708786814672
2.96398701146245 0.787903112359345 1.63136660121381 2.63802645844407 10.5218321035138
1.85837038443424 1.78416930488311 1.76548577146605 0.72781183058396 6.34525603804611
1.01020342670381 3.44586404622532 2.14353064424358 1.83410448837094 5.76725337512579
2.64745583990589 3.30558127025142 3.69256731122732 4.49844273389317 11.1446822322463
4.71027647610754 1.59621457685716 2.65074062626809 0.37038964452222 24.7624495265834
1.50306015042588 2.01786077464931 0.546101779909804 1.08464607270434 5.14294113270908
4.09012295072898 4.68141236109659 1.09303900622763 3.87710958486423 22.4314964676529
3.71958403615281 3.60678532044403 0.744768993463367 4.3849760433659 18.6178779192355
3.62939636339433 2.20815910142846 4.51932042837143 0.443988491315395 16.5027930803442
1.06111945933662 0.571642230497673 2.93776185484603 0.172954984009266 2.74625913562808
1.95227614836767 1.54886374250054 3.55377211002633 3.98551568039693 6.72788696859539
4.15210363222286 0.564995586173609 1.24575324356556 1.63943884894252 18.8178942933631
1.23688566731289 3.84976632311009 3.0071970669087 4.58939375006594 6.46439509218962
1.01170135429129 0.144705394050106 1.12774474313483 4.94171324651688 2.14056525247846
2.33644910505973 4.46917600580491 0.993492644047365 3.94212157465518 10.374011143437
3.56565100490116 4.5583579747472 1.1125032173004 0.448592139873654 18.1253015020061
2.4790894635953 1.68936764355749 1.98688508826308 4.17510621948168 8.50593318582139
2.49271156615578 2.15704185306095 1.03074294747785 4.5808745501563 9.99404873541471
0.126179723301902 2.64413751079701 3.36054929182865 0.904942831257358 3.47796754376167
2.65368943684734 1.85356801375747 4.49341472820379 4.84415093320422 9.99420755816988
3.72986959060654 2.50118016847409 0.958728864789009 1.99463063734584 17.3869518747999
1.77664086339064 4.33255361160263 4.94363693171181 2.02415430685505 8.22176301612168
2.96333486679941 1.19832952041179 0.364336132770404 2.25229283911176 11.1261150507681
3.49663691944443 4.5496406510938 3.63920785137452 0.876639182679355 17.7215407832832
4.8645213060081 4.14018537150696 3.84111917577684 1.11354564200155 28.7951615480657
4.12128813099116 1.79106933996081 0.50792264053598 1.0934599279426 19.662393813088
1.08499190071598 1.99067640933208 4.46617084904574 1.16039507905953 4.1809310103822
0.146659950260073 4.41072438145056 3.79045228124596 2.59254746022634 5.39254283997976
2.97956363880076 3.52325565298088 2.75251479935832 4.06727725407109 13.4580518780432
4.87489477149211 0.622898051515222 2.80458949157037 1.71918864245526 25.343521374856
1.83043246041052 3.17622063681483 0.0205519632436335 4.09729361184873 7.35055653290797
2.76771622477099 2.28612296516076 1.90133557887748 1.4075857354328 11.3291189230999
4.36592502519488 1.98694399907254 4.10733798169531 0.772082987241447 22.1692458286933
1.71899280394427 0.190251054009423 3.08356273802929 1.80752266431227 3.92457805304019
4.07874691067263 1.04763575014658 1.22505542822182 3.89796259347349 19.119398877601
4.18350023217499 4.29925271426328 0.35151950432919 3.6280042049475 22.825317328107
2.55489107221365 1.97092413902283 1.4968645432964 3.11538444715552 9.3017074200529
2.24807908758521 1.98010437423363 4.08745593740605 2.83406592789106 7.97531936419225
4.62005868670531 3.79069802351296 0.939274404663593 4.84981133020483 26.3743466674905
3.61164385452867 4.97552908724174 0.823290749685839 2.70339783630334 19.0684998794742
2.24262030329555 3.0908846843522 0.0138064275961369 0.648833503946662 8.97518454596724
3.83885051938705 2.61971650994383 0.107156485319138 4.14187906426378 18.6594512221197
1.56737487763166 1.36218824074604 0.866548955673352 4.6227867808193 4.77226667105167
4.35441117268056 0.549527065595612 4.18411696795374 0.23704476072453 20.3111286035892
0.66085179685615 2.4066802568268 4.70456688199192 0.223010956542566 3.89370934643327
4.57437325268984 1.46902412176132 0.852759405970573 1.9889952999074 23.2707293221533
2.32643781113438 1.90756200579926 2.63836044585332 1.20580988004804 8.42359806593659
0.478340935660526 4.64430091786198 3.76889229868539 2.6126504666172 5.85383508920764
4.56965724704787 4.40369550371543 3.25324784382246 3.69509361102246 26.4855927986958
2.22197058028542 3.7171727209352 4.4274860760197 4.00791065068915 9.40253891738296
2.35540782217868 2.10709086502902 1.81732554221526 0.9511601657141 9.30265883373846
0.466417360585183 2.06976816989481 1.07775305281393 0.285553282592446 3.63792534333799
2.21633965033107 3.38391632540151 2.54330194089562 2.91998534346931 8.94518971328785
2.59336174582131 1.39096066588536 3.59846869250759 1.25795579282567 8.90582323066004
4.52500098966993 3.76436629914679 3.9433468633797 1.75256237271242 25.3197085518958
2.72997094667517 1.46863427129574 0.870424776803702 0.065031296107918 9.83414119365901
3.70892886305228 1.70747687923722 1.46652057999745 1.90818980103359 16.0710919692657
1.44836462801322 1.22470633126795 0.240862359059975 0.670450781472027 4.09073094256827
1.75195231917314 3.63674714695662 0.591538411099464 2.55836029420607 7.7414947096771
2.651079086354 3.36713142227381 2.24672646610998 3.36523211211897 11.3834971493427
0.169186844723299 0.609292371664196 2.52583423745818 4.13617754704319 1.56136420514271
3.97936763940379 0.982167015317827 4.01836636126973 4.14215998607688 17.8896464493969
2.12887368281372 3.15090326825157 3.87003319803625 2.23697454784997 8.7502956079161
0.677376540843397 1.94868012447841 3.55344236595556 0.490059485891834 3.64095883948694
1.10522527713329 2.0520346716512 4.34388609370217 4.37896726769395 4.06054279792204
4.97713354998268 1.58791326568462 4.80993912904523 2.2519182600081 27.5527881182848
0.872915826039389 3.09810853563249 0.643122399924323 3.81916349637322 4.99893039057388
0.0940768129657954 2.78451669262722 4.25183482584544 1.39006636571139 3.66283234951892
3.09175975969993 1.09020457020961 2.34547836123966 2.09821592201479 11.4556979106649
0.784744914853945 1.53322867117822 0.258255602093413 3.94249424454756 3.2735930129148
2.76008537737653 4.28806925192475 0.157133071916178 2.59259695303626 12.804097163845
2.51120404573157 3.3176966290921 3.58795444248244 0.985029075527564 10.5386642769879
4.40243700984865 1.54589023906738 0.666282256133854 3.88754431740381 21.637942639717
3.93148502451368 3.16065565100871 0.122146005742252 2.90363026666455 19.6195284214389
2.90516196750104 3.12120034475811 3.23518480407074 1.73763529979624 12.3157510875337
0.154803058831021 2.22357342252508 3.84444061666727 2.12430042447522 3.00696702272358
1.87663712305948 4.64752072817646 1.07008863822557 2.0033013401553 9.34300957241249
4.29347665398382 4.50668218778446 3.24403991806321 4.65327690937556 23.8759881936915
4.21908134710975 3.08374571264721 1.21804913505912 0.448063863441348 22.0114055742131
0.552622211398557 1.55693894368596 0.307685085572302 2.07770680659451 3.12205100143724
0.502866210881621 3.26182134333067 2.27505647228099 2.43178605451249 4.32582534034416
2.28324351133779 0.553949594032019 1.45586319151334 3.29072145628743 7.0328645618198
3.59599369461648 3.48693219828419 0.432051819516346 0.597985713975504 17.6354589314229
0.97206550068222 1.37225132784806 4.71900523873046 1.55782810761593 3.0836481952662
1.74403361510485 4.7987901896704 3.24309514136985 4.75964149227366 8.74248077309586
0.836833260254934 2.53061354043894 1.17833047755994 4.95958282263018 4.42540230484107
4.28301618318073 1.56920083682053 1.75837710150518 2.5488732138183 20.9330935529708
0.413284220267087 4.46333243860863 2.31199137517251 4.80179818230681 5.61466802209841
2.06810234696604 1.60134470788762 2.72703715250827 0.60271886177361 7.00268518646746
1.16600005771033 4.34742284705862 3.97036783746444 2.3738960258197 6.78162560289818
4.7536121844314 4.32395048555918 0.879793331259862 4.82226022286341 28.0927246328939
0.375060032820329 2.1815020032227 1.86123317922466 0.0539135630242527 3.32654795564143
2.76886848034337 1.15688332938589 3.46132267150097 3.83406279957853 9.87188828429315
3.56121833319776 1.65146126644686 0.111501245992258 1.35109947645105 15.3111929900991
4.77194786886685 3.04462316213176 1.71301519032568 2.77686544694006 27.1742290782857
4.05903750564903 2.14164379285648 1.30780843552202 1.93268180009909 19.5085869039991
2.96371631906368 1.7887880874332 0.87434516986832 2.56944241467863 11.5025407408024
1.02845655754209 4.56925782607868 1.34490990662016 2.19686981639825 6.68413774009441
1.27476784051396 3.05438188370317 0.135770260822028 3.55103327776305 5.67461599762912
4.32010834570974 4.45080571225844 3.48757568397559 2.30378663283773 24.3572358351879
2.10491675534286 2.34576674294658 4.9025025148876 2.19304354512133 7.83162426756734
3.4900544246193 3.37548195151612 0.92772101634182 1.40828103292733 16.7997974217416
2.16572969802655 4.23186095664278 2.01178956776857 1.14842435345054 10.2469679688
3.82725571747869 2.26703821215779 1.85756816994399 3.39096729643643 18.2097851914176
0.359901437768713 3.38278440292925 2.90863175527193 1.28459666739218 4.38073255764022
1.07680225162767 3.62904725945555 3.32958514103666 0.692055795807391 5.75604375080052
1.54057485749945 1.25820580404252 4.21534162247553 2.23201332963072 4.50223991863218
3.74902179581113 4.16519083664753 4.51681150705554 1.14279385423288 19.4142724899202
4.13350543589331 1.3842117076274 4.55874009407125 1.65726144914515 19.2323116561537
4.49673524708487 3.95296279573813 1.68374077649787 4.7170296125114 25.216127319165
1.92713411874138 2.96189611777663 0.0806070805992931 1.57158053363673 7.66973741222119
1.67380098835565 2.72481310064904 4.50698828790337 2.95438857749104 6.42278562385233
1.88299520756118 3.24135700124316 4.17872750316747 3.60395970987156 8.27252205759352
4.39091044594534 3.13916933140717 0.181501633487642 0.389055745908991 23.4396240288011
2.92093824595213 1.36545960907824 3.61590929096565 2.42651806562208 11.1062047549521
2.43405134067871 0.522723064059392 3.38309345999733 0.0349876226391643 7.51421622753031
0.89772169245407 0.153668159618974 1.29665415966883 0.984367913333699 1.88237285513851
3.23220825055614 2.23535103257746 0.571638998808339 4.48291815351695 13.4995647647737
3.08212880860083 0.967289991676807 2.75453205336817 1.0340260702651 11.4471730951066
4.25032801344059 0.358044634340331 3.59940963098779 0.396644190186635 19.3409027230577
0.51446937257424 4.28467543097213 1.22017530491576 1.41363187809475 5.48685889525891
1.62588315783069 1.93136201938614 0.566675995942205 4.76440813508816 5.21822202664783
3.32365695736371 0.62293219496496 4.17311030440032 2.12800818844698 12.6367595745897
1.17772434605286 2.24479438038543 4.71463336492889 2.57781673455611 4.43293965203944
1.24524769838899 3.37605580105446 4.96719902614132 3.36971629643813 6.06095280000183
2.10216081817634 1.89000255661085 1.5249050501734 3.32827988662757 7.14712819861195
0.986785953864455 0.556594483787194 1.33159364457242 1.96050656610169 2.64829066916401
1.76418831688352 4.41580422804691 1.9383494509384 2.21583281178027 8.8057718199181
0.908957679057494 4.36835042783059 2.89050672901794 2.95200623339042 5.81988431276493
2.69432434695773 2.0685101498384 3.04435420432128 4.38846935634501 10.1036727285548
2.39638635190204 4.0866919758264 0.609023447614163 0.785156972706318 10.741969986599
4.90347651648335 3.26163307065144 2.51723073422909 3.48894928582013 28.246948156454
3.2446851907298 2.15048300218768 4.80227222549729 2.26010812679306 13.4970649240885
1.71177917392924 4.79421806288883 3.66622159373946 2.2633414005395 8.68133973201378
2.40524291759357 0.0644890009425581 1.92905865493231 2.50856011058204 6.89811005392017
2.96281085349619 3.05944569292478 3.6469585087616 2.54220087197609 13.0346656486238
1.52257196721621 2.27629398927093 2.0342417480424 4.8391904856544 5.32585218997982
1.58185394015163 0.490881627192721 2.83088514581323 3.42093366780318 4.17144728449419
2.17546274652705 0.294581087073311 3.67093549808487 1.57381764845923 6.08842039424564
3.63980180583894 2.05795462126844 1.45103316055611 4.34439632226713 16.5967529437501
0.0111018482130021 0.986038916744292 2.42532058036886 0.194039210909978 2.16018896811705
2.8225663502235 4.43316329270601 0.260922203306109 3.95017819362693 13.2733482269756
4.1204907943029 0.11670466279611 4.36465281527489 4.29867153172381 18.03244345091
4.28584434324875 2.13460470666178 0.166268078610301 2.51556138624437 21.2024077604187
4.53081140876748 3.97952121100388 3.66871873964556 3.19483491592109 25.0812222112459
2.46193892555311 2.1530490682926 4.18035265407525 2.76379404356703 9.69672781348336
3.00076846731827 2.40218783728778 1.79608587641269 0.268433025339618 12.6208048898212
2.67798014800064 2.33510710299015 3.00521820317954 1.98130984790623 10.3976678864322
4.03467387775891 3.27681496855803 0.70172761566937 1.42303084605373 20.5291773565442
2.40648074191995 4.41607811255381 3.11097965110093 4.95479244738817 11.2480904561914
3.90000834711827 3.78096123575233 2.09586639190093 3.83564179064706 20.1540307434656
1.43560340628028 3.9409865764901 3.76269303960726 3.99234534357674 6.99227171285636
3.91729758353904 2.69507062504999 3.50983620388433 4.35153516242281 19.1789184266948
0.891242559300736 2.05412073992193 1.51250064140186 4.98120433068834 3.67826437781758
4.92717005545273 4.02906502364203 3.10672594350763 1.12133133690804 29.231234280741
1.83120885048993 3.07923356420361 0.737027740105987 4.08163852756843 7.21150736599517
2.14470182778314 1.97621991159394 3.56514717917889 2.92650817194954 7.23446063171974
1.24498325632885 2.02884658356197 1.14276216016151 4.45518271648325 4.48220227710441
3.14853865420446 4.68393083312549 1.11750805401243 0.906460994156078 15.3276340317393
1.93825463880785 3.2865282043349 3.08870454900898 2.17656643362716 7.73189232090835
4.8110433050897 3.79453246248886 0.20225488813594 3.04242298821919 27.9945194748109
1.17999637499452 1.37255604378879 3.9512088696938 2.25371602573432 3.75315690783764
1.83593098074198 3.51007967139594 3.8253161101602 2.28373159887269 8.12518793592546
1.88689363305457 3.55743537656963 4.51571489218622 2.17513687908649 7.98465552658328
2.69871601951309 3.2019634032622 3.46654308377765 1.78308743634261 11.6203177802346
4.71398881869391 0.811850727768615 0.950505491346121 2.81662835739553 24.1969845320505
1.99392221868038 4.71468756091781 3.3790602022782 2.74531365954317 9.8053624491165
1.23456378583796 0.590558713302016 2.93721601716243 3.04122734465636 3.26771550438097
3.24783340329304 4.17763201519847 2.30196565156803 0.0730052858125418 16.1089866812234
4.79715117951855 0.400808840058744 0.303854037774727 1.74539689789526 24.5529706739312
1.78058702149428 4.33211173978634 2.4721002811566 2.53993293968961 8.24458018172364
1.22185831540264 0.837183030089363 3.39360896730796 2.24956812220626 3.03265008254352
0.703743671765551 0.315643975045532 0.189508851617575 2.85997526952997 1.5985159316679
0.582919507287443 2.28760049794801 3.12669134698808 1.10269158845767 3.60012201627153
4.20787031762302 1.98336729197763 2.33204244170338 1.67569086537696 20.5994513586772
4.87213094951585 1.79906893521547 3.03016562480479 1.88698231009766 26.7477384528844
0.865738476859406 1.84743864112534 2.63484031311236 1.35748765897006 3.77983132617343
2.37880616332404 2.16070243390277 0.192500248085707 2.8797844692599 8.64656307050988
4.46493368130177 2.75110505288467 0.20538802142255 0.369695723056793 23.3762729028559
4.4696124503389 4.74529617349617 1.67982640210539 1.00061017787084 25.7403105422769
2.94897496700287 1.44117198535241 4.57947929389775 2.57470593438484 11.1457065082778
0.0653829274233431 4.24132845597342 0.316252611810341 0.373811346944422 5.34465919487812
2.02108561643399 0.468153305118904 3.96399281569757 1.35479087010026 5.60928388062772
2.26765838917345 2.17682259622961 2.67471309169196 0.231006169924513 8.03660788640221
2.63562161242589 4.36896158149466 3.17117929807864 0.336854105116799 12.0141202302581
3.39265197748318 4.74142728140578 3.31827671267092 0.456685095559806 16.7311408177151
1.70186507282779 1.04851193260401 4.79895013384521 0.778621877543628 5.13278000227487
3.66337467101403 4.03420477174222 2.94659431558102 0.212838990846649 18.6125388549534
2.17103643808514 2.74300453602336 3.97490136674605 3.77334510325454 8.48555002049899
1.85589823289774 4.32854794897139 2.40511585492641 1.41930991550907 8.76579989236198
0.615017949603498 1.40254118014127 0.726944083580747 3.62827875535004 2.61799972876309
2.05623556044884 4.47439145646058 2.80440979404375 1.1008770018816 9.59898684710536
3.14344132901169 0.814913151552901 2.99919106415473 3.69051201618277 11.645433156397
1.90112201846205 3.13905581948347 2.30366587871686 1.73623837181367 7.71036847167106
2.96242428594269 3.63166120718233 0.460049548419192 4.91744231432676 13.3410174523528
3.45640215207823 2.33321378822438 4.66106994776055 0.803860448068008 15.3725703170379
1.19680173695087 2.08512424258515 0.933015907648951 2.86920414655469 4.28107520546568
3.58478246023878 1.05630695004947 0.897795694181696 1.01532542612404 14.6571292837707
3.20451695239171 4.00356895988807 4.41247412003577 1.08598256483674 15.4104946987793
1.70990797458217 4.83642595470883 2.76950421743095 4.84896030277014 8.57784459717137
4.77700304007158 3.72176138567738 3.43712993431836 4.06616964144632 27.4868602951663
3.36360368295573 3.16578307189047 2.39473030902445 3.76365699339658 15.6352762172233
0.30740974470973 0.825193813070655 3.11934402096085 4.36904391157441 1.59449170109318
2.83541123149917 2.84215071471408 2.7655218646396 3.9232100173831 11.9479638065902
0.708944541402161 1.44341387436725 0.903482848079875 4.61269512306899 2.80109388971546
4.30569625110365 1.7254188307561 2.88867945200764 2.19059618073516 21.3713662025133
1.69702167273499 4.42182438564487 0.442635688232258 0.228753001429141 8.00954865000367
3.07836416293867 2.67942873644643 1.94174484233372 3.888916693395 12.9099552924635
0.929414435522631 2.14311701827683 1.12215350964107 2.3380385292694 3.86210207569841
1.99896999052726 3.03805845673196 4.22920471755788 4.56007256289013 8.10159853260382
3.72543908189982 1.31668294779956 4.49861383647658 3.39085186831653 16.3326676200914
2.09113301010802 2.17037525260821 3.99268520646729 0.364644241053611 7.80754981234614
0.359641433460638 0.42348564020358 2.65627760556526 3.13672825112008 1.38977524749074
2.87236837786622 4.50652987114154 1.56033646780998 0.0681406888179481 13.4604487220659
3.376005893806 2.4265590601135 1.82438128744252 2.69653380848467 14.752463672065
0.370101524749771 3.31503748893738 0.0941979920025915 2.9502903483808 4.8049499501373
0.889114369638264 4.31291999062523 0.36298741470091 2.25087864440866 6.08405669802754
4.98431251035072 4.67620912007987 1.00486578652635 3.34366780240089 30.223576451877
3.57135607046075 4.2446508212015 1.81535911047831 1.69721933663823 17.7857314897454
0.234678017441183 3.76530433772132 1.1510241846554 0.884450736921281 4.67751794420464
2.15574879432097 2.11813063360751 3.17715508514084 2.38881530822255 7.83333049390324
2.2608590812888 3.11965921195224 1.27359521109611 2.60635007405654 9.1822193428311
3.36750607471913 3.88957802206278 1.27134562470019 0.0144968111999333 16.4677582751305
2.96373875229619 0.540431817062199 3.88936669449322 3.95345131051727 10.1495956173324
1.24208416556939 4.5670239883475 1.61471565603279 1.85072423191741 7.2236527357409
4.64235034305602 1.42629994777963 1.82831624988467 4.52127674012445 23.9995144512517
1.34587148786522 4.1267643624451 0.368279197718948 3.60417940770276 7.16062224899946
1.84536940418184 0.431840716628358 2.59377597249113 4.38150992500596 4.57587748542154
0.859157680533826 4.54573519178666 4.02198540745303 0.821348781464621 6.5784395747303
1.12920122803189 3.25356547371484 3.58837923384272 3.68226038874127 5.62632091304877
2.20594167592935 4.45403073099442 4.79952431283891 3.03951472043991 10.1164692726467
3.90774231636897 1.36497516883537 3.65729976794682 0.321527380729094 17.6972650730952
1.51050726417452 1.88674960634671 1.59570566145703 4.32217936497182 5.27808503065688
0.607246151193976 3.1441332725808 1.36809158138931 3.37735759094357 4.52781727766097
1.80231675505638 0.300351933110505 3.18025429267436 4.10535675357096 4.64142838607367
3.65721002337523 0.842103072209284 1.29825748503208 4.29716726881452 15.2173518864258
1.65825651143678 2.48659718083218 4.40675135934725 1.17026525433175 6.3057236792254
4.42913292441517 0.674398944247514 0.626514599425718 4.75073605426587 21.1906785899982
4.43593563395552 2.02610338339582 2.58881453657523 0.867114727152511 22.0331323482493
4.20723488321528 4.24751900136471 2.41839399910532 4.13731969078071 23.0312166642984
1.05581269250251 1.73628977150656 1.74927892396227 0.96721991430968 4.10071873409777
2.83259396324866 3.32174211042002 3.55557216680609 2.71725700586103 12.1979567296812
2.22814706503414 1.47362784715369 4.13929258356802 0.129801015136763 7.50003428217581
4.50240179547109 3.85332694626413 1.93487871205434 1.38747195247561 24.848391148233
2.97681702882983 3.940677276114 2.6092228142079 2.30335104628466 13.8805732210359
3.34142427425832 4.64418538147584 3.64366958034225 4.39029809786007 17.0573839965924
0.812329282052815 4.28491464932449 2.66231871559285 4.13955091382377 5.96557879774165
3.37629108689725 1.41771371476352 4.73594940733165 0.73894307250157 13.5447170565688
3.58568893745542 3.79882068955339 2.86237386637367 3.31629241351038 17.6889216646001
4.00465413113125 0.145980140659958 2.2685253014788 1.50600551743992 17.24224255262
4.30482829455286 2.37922475789674 3.05750337895006 4.30650374852121 21.6712937916577
0.345270019024611 0.341710603097454 1.69561161892489 4.06343350652605 1.15773028521908
2.4714321596548 3.58023299602792 2.46854453231208 2.34070733888075 10.3302495585801
2.55874880938791 4.73436244181357 3.56865999754518 1.34551750263199 11.9100520893231
1.03799388627522 1.07547822291963 3.58509066747501 4.26243274472654 2.87429689114878
0.59911317541264 4.99619236565195 1.80683329934254 2.13492715498433 6.5055210719313
3.5588631243445 1.54944534413517 4.4222070183605 2.53534825169481 15.1517202223757
4.16061581578106 1.49936031666584 2.84364845836535 0.429775203811005 19.6536978039229
4.56169670796953 1.99753364082426 2.93270046473481 4.9359735485632 23.7623378187537
3.0259139102418 4.21150434412993 0.651202097069472 0.434539654524997 14.3614159639409
4.8016435361933 4.87628972274251 1.006223782897 0.795885846018791 29.1153522668841
3.8700106262695 3.05282747838646 2.39643067470752 0.515096867457032 19.4624163686707
2.01193599961698 0.53180652204901 4.44784242426977 3.13515948364511 5.62043666148953
0.198021531105042 0.0640990701504052 4.62700393050909 2.74705973570235 0.888710763138481
3.90631915535778 2.17493034899235 0.648715472780168 4.56897124648094 18.3237030980857
1.11705387127586 3.50245205452666 4.38700819737278 4.05339976307005 5.91915731601854
2.37518572830595 4.76010814658366 0.383837099652737 0.62091285828501 11.6963508975979
2.911119654309 3.86381568969227 1.84586229734123 0.994260328589007 13.4844216084229
4.41937632625923 0.724510216386989 3.91685620532371 1.79428018047474 21.3005270570094
0.77375075314194 0.25162321398966 3.60342145781033 4.77453880594112 1.88851038316753
2.64367976575159 3.5250889416784 2.32872110442258 0.318614605348557 11.082215885657
1.62788836401887 0.801654914394021 4.36362605309114 1.45696770749055 4.30763074361684
0.0503140571527183 2.37645586486906 1.50721377693117 0.285728111630306 3.73159468295303
4.48481757659465 0.0568213209044188 1.40299192396924 2.2967347886879 21.2416749044121
0.281557677080855 3.38643910828978 1.40180024085566 0.540178269147873 4.92978736902509
3.22032371419482 4.46832380141132 0.0663932308088988 0.221973381703719 15.9725668534697
2.08143824595027 4.54903922276571 1.17103860364296 0.272028468316421 9.73605055964509
1.8341281323228 1.16187930223532 2.72557100048289 3.68613781640306 5.81601424124981
4.22352553578094 0.648087281733751 0.527699331287295 3.48111249390058 19.1042613484079
3.77058792393655 1.58209768356755 3.7321010697633 1.51974031818099 16.6779078243328
4.46376821841113 1.92935978877358 3.06256637093611 2.31215239036828 22.8700905200116
3.97176966071129 4.47227875585668 3.29926723847166 0.0619900424499065 21.4616314845062
1.34330792468973 1.62512115319259 4.73366688005626 2.62310780119151 4.52602289505086
1.4116806758102 0.210905792191625 1.89916559378617 2.91851614834741 3.13344835181051
1.86399102560245 3.52347409934737 3.68389852228574 2.90628104587086 8.03739422828099
4.52181970351376 0.0198693247511983 0.686458052368835 4.14939950569533 21.340170509304
3.73403213219717 3.23598963324912 2.49303167453036 0.922046047635376 18.3318631214588
3.06563658639789 2.98157645040192 0.875881981337443 3.44768593320623 13.8998842656541
0.657564358552918 4.57924412679859 3.92496902495623 2.9588910669554 5.87071186522658
4.95952373719774 4.80018426314928 3.88996265362948 2.71386473556049 30.6440180078954
1.31003098445944 4.19441112549976 0.192891582846642 2.38028359250166 7.01519377989609
1.75100300693884 2.32884505996481 2.82519797096029 0.149627487407997 6.4035229519937
1.57778495457023 3.07370079797693 4.50882844394073 1.31042959517799 6.34908709138483
0.560775091871619 2.06058858777396 0.317522444529459 2.12329578469507 3.33056681065088
4.86466324422508 1.48769687861204 1.97227307013236 3.6198427749332 26.0646825777589
2.31420218478888 2.98979282611981 2.564116071444 4.15367787121795 9.72918737567392
3.15624591428787 3.01318392157555 0.992205921793357 2.25974953733385 14.0951076999189
3.41350141330622 2.96563153504394 0.527612759033218 1.44282535067759 16.0979942025052
0.233781150309369 4.01192031102255 2.21979398862459 1.74378524767235 5.22031581358711
2.83539383439347 3.06553170201369 2.26676087477244 2.94230487546884 12.0964718890433
4.19611766235903 3.00073734833859 3.1320491747465 0.220614935969934 21.8593425141715
0.0288788776379079 3.55331344529986 0.431102338479832 0.758168403990567 4.70510713461835
1.92276586545631 2.34363049268723 0.181443623732775 1.51813250151463 7.1266744187896
1.96704437490553 0.613948937971145 4.8235158144962 1.13526315311901 5.45963884363051
2.29218448977917 1.10981263103895 2.30496536241844 0.98015931318514 7.16539977696324
4.2531091964338 0.272442263085395 3.56183356721886 4.50803115731105 19.5258539773466
0.718210762133822 4.11133185727522 3.9273013791535 2.6615611941088 5.32762846957
1.46148666623048 2.69161270698532 3.79332594224252 2.32357287197374 5.97580633032684
2.8783093765378 3.16955922055058 4.34745984501205 3.87248309678398 12.5381382582014
3.07015367201529 1.36372743174434 3.51410193485208 1.1227826459799 11.7349066653525
0.997069467557594 2.6675451558549 1.80294587509707 1.45756734302267 4.354870056867
0.588676888728514 4.69924022443593 2.70084840245545 1.26917093642987 6.0337968701256
4.44974666577764 3.43349732924253 1.11879085772671 0.4389999283012 24.5207796298166
0.298551372252405 0.26440033572726 4.19811609084718 1.99875399004668 1.10615624451789
3.22341577499174 2.00589629821479 2.71605991525576 1.85251984046772 13.6202937959469
3.4272896067705 4.77701196097769 4.9580084788613 4.71191118936986 17.6772940337006
4.58996649365872 4.05472878715955 1.62178494618274 0.954618368996307 26.0331325010173
0.292551446473226 2.43602002505213 1.56300592119806 0.205036205006763 3.78595094092784
4.85751652508043 0.815204428508878 0.20073490566574 2.00704523245804 25.136838237048
2.82217731466517 4.30990269989707 3.2848742720671 3.10933760832995 13.0902543339024
2.74615757982247 4.57879063207656 4.73989137681201 2.88146964972839 12.5749030271457
1.36924931546673 1.26218746881932 1.01209670188837 2.30341736925766 4.27169389341157
4.90483467350714 3.96405011764728 1.79438787396066 2.97193549689837 28.9003123685343
1.91289505106397 4.97981857741252 4.41427589743398 4.63294504676014 9.71507542423372
4.56301796715707 3.23059835587628 1.61280541098677 2.50807095668279 25.1662398071071
2.01931469258852 0.0703344994690269 2.06108142971061 0.644710289780051 5.41765689514434
2.54002818255685 1.98625988676213 3.25546590727754 4.90742731955834 9.22737202049496
4.03630666434765 3.34004877600819 1.24040962546133 2.33558498206548 21.175482505104
2.45545384241268 1.60205689724535 0.095492749242112 4.16411524405703 8.59906884807713
1.47464391193353 0.675937260966748 3.43976468546316 4.7331060806755 3.65814936689422
4.14311381056905 2.5349447899498 2.77876918204129 0.18530513625592 21.0898425803288
4.15092368726619 3.28349796822295 2.31542214401998 3.85789431864396 21.8408927153188
4.96993464767002 0.871164210839197 0.0939954270143062 1.42046734225005 26.4812436010621
0.226135633420199 3.05151920067146 3.91102395602502 3.33676110836677 4.03911681536215
1.55749683151953 4.22155746608041 4.32434319285676 2.1505492227152 7.43865559240989
2.51526072388515 4.41082684788853 4.52811534283683 0.641621598042548 11.6602389763243
2.23854107782245 0.591966015053913 3.75035234959796 1.2410884979181 6.32671257256622
3.11289863893762 2.99818233004771 1.25915546435863 3.6635161365848 13.551010062321
0.699361385777593 3.02285848069005 2.19268629560247 1.11035468522459 4.52187443591349
2.71966694737785 1.96762520004995 4.46544962818734 3.36757542216219 10.3054624920282
0.95293260877952 2.62765975552611 1.56603219918907 0.261792370583862 4.50094758742102
3.34532625391148 3.91226561390795 3.14753128448501 0.894009044859558 16.1326883592383
2.10393692133948 0.280889753485098 4.65141785913147 1.91884856321849 6.09371074306967
1.94449092610739 0.0505697273183614 0.0215903553180397 4.9688581074588 4.60883923821629
1.46770197665319 3.93248461885378 1.04519001324661 3.37537847575732 6.72794280168216
0.5440696363803 4.18020008713938 0.0638382544275373 4.16447690688074 5.0893417145661
0.391137521946803 3.26939575490542 3.83830519742332 2.37515544751659 4.14193730503026
3.95321201300249 3.19129520561546 4.37772495555691 3.56408142368309 19.8263678663656
3.59035045024939 0.127815112937242 1.48416227893904 2.77430911315605 13.8687649208405
0.942485053092241 1.59788248012774 2.05912352656014 4.19330705306493 3.47346774903125
4.88993696286343 4.73975566448644 1.038784267148 2.78489606338553 29.6130589143261
3.2637177570723 0.729301833780482 3.87660525157116 1.32675437256694 12.5209373978765
1.84476045658812 2.89308482781053 1.47274594753981 0.344426493393257 6.93622702105063
0.582716913195327 0.304890436818823 2.73800284136087 0.838299052556977 1.79038332944858
4.25076466752216 2.54490009858273 1.16649425937794 1.66385387419723 21.7326883146499
3.11163992388174 3.33958570379764 0.763511348050088 1.45569854648784 13.8092921698016
3.4216238965746 2.1862433035858 3.85664943256415 0.694852232700214 14.4660006191795
0.991266357013956 0.186158103169873 3.93017739756033 1.60095477243885 2.12797457778531
2.01659290585667 2.96728802844882 2.46374981361441 3.27153949066997 8.12935758075398
4.84225102234632 4.05683618970215 1.5356753685046 4.22007821383886 28.6918777584685
4.47071642847732 0.500839838059619 4.92825387162156 4.39771923818626 21.4720509473658
1.52049990021624 3.33301617880352 0.361774050397798 0.209785845363513 6.80800987450073
4.9897642841097 2.93020277982578 0.488568011205643 2.60474323295057 28.5711871804423
2.45545409154147 2.40807251422666 3.25672019738704 4.48998934123665 9.5143301115117
1.51180293993093 4.69859059550799 2.90930475457571 3.47974429256283 8.23446096270923
0.25674797128886 2.90723814279772 3.06141600944102 1.50419718120247 3.83824967057946
1.59340257174335 4.2553524451796 1.12553806626238 3.85453987517394 7.99020935028306
1.87496987171471 1.84660532628186 2.52052625641227 2.15726650552824 6.64796135132287
3.52468862314709 4.81552894809283 2.81517355120741 2.52009304473177 18.7632704490602
3.95071509294212 0.294593805447221 2.73891041986644 3.39750362327322 16.9341762307723
1.15012870519422 2.17170362477191 0.858524772338569 1.85331624234095 4.68989728943937
4.80677793733776 3.41707840794697 4.33356314664707 4.18454926111735 27.626337579817
0.0219898065552115 4.58088746992871 4.66385975130834 4.84125048387796 5.52645519339903
3.85013726190664 4.58564939093776 1.66062464704737 0.359385282499716 20.3968797101383
2.22136231255718 0.771658723242581 4.33826293447055 3.85385561152361 6.28066817531113
3.28841524431482 0.169729285407811 0.703024679096416 4.84588620602153 12.0188935099708
3.69602891500108 3.82953238906339 3.19773836410604 3.28752767643891 18.6069247694949
2.70795606193133 1.05575036024675 1.6828805510886 3.05616078898311 9.26714014663795
2.712625261629 1.79648836725391 4.22365900711156 2.0798220729921 10.0850157518495
4.90928934770636 3.16726557095535 3.71413133107126 0.952782010426745 28.418743306524
0.903606882784516 2.41741067846306 2.98065855982713 4.09083340317011 4.64994869127682
2.88687586784363 3.17729537957348 0.594141680048779 0.729109258390963 12.3552092345774
0.587855177000165 0.253233528928831 4.47053704643622 2.49682987807319 1.66257974111636
1.690073388163 3.16966997110285 2.52726954291575 4.60943809011951 7.21429163426598
0.933731099357828 3.27111646649428 2.62802834855393 0.424104927806184 5.34795248057355
2.60639418731444 4.47524430928752 0.438099084421992 0.719679335597903 12.3537069991978
1.37244960060343 1.84915078687482 3.01590031478554 1.26188984024338 4.40179277219755
3.98990954388864 4.86035480746068 1.67436613352038 3.39665717212483 21.8167152021006
1.90055729588494 4.79634316056035 2.98865646705963 0.942622283473611 9.35619634800313
4.99786661937833 0.651805225061253 4.02431312366389 3.1233612052165 26.3445865707664
1.17115479544736 1.67985421256162 4.85100266640075 4.54632801469415 3.98165947746306
0.58970999205485 3.08408904005773 3.3627664775122 1.4053159148898 4.4406352923846
3.19827680243179 4.23771762754768 1.80864230613224 2.64285876532085 15.4479436738217
3.46818011952564 0.056320452131331 3.77902225241996 2.92770192259923 12.8517267603282
0.197975339833647 0.924367846455425 2.00369572383352 4.44615297019482 2.32348365630827
0.462866087909788 2.90527164121158 3.7635585013777 2.43538661161438 3.80548705797933
2.04469935619272 2.01703930622898 2.16075529227965 1.29591922275722 7.18604822074956
4.48767563444562 2.9987631435506 0.979898779187351 4.24439492751844 23.8855694158679
2.56751387030818 3.21434333105572 3.22800468187779 4.32963785715401 10.5448517246091
2.09492291207425 3.3968323096633 3.42974501778372 2.39099705126137 8.60711679484811
2.10058698663488 1.22367095900699 4.24140897463076 1.78596059442498 6.71183817606031
2.06116055254824 1.57656690687872 0.936539660906419 4.63335901731625 6.72969552546034
3.89227765030228 4.80280513758771 3.79912040545605 4.26841499633156 21.1179913850451
1.11393020721152 4.11559190717526 1.45218225312419 1.99967421707697 6.36828857658632
2.08812054828741 3.323836553609 3.95396127249114 3.59142272733152 9.05389667592765
1.07659809873439 0.456285384716466 1.78186466451734 0.201167399063706 2.50344183132137
4.16608508094214 4.13141482509673 1.13844614010304 0.0432284653652459 22.1049484058693
1.58636672771536 2.01624912093394 4.4050477433484 4.34409814071842 5.57007418938053
1.1311022832524 3.33883412415162 1.25576017657295 4.32786446181126 5.44505384315443
3.08703999849968 4.50952776940539 4.7843339398969 1.00105070276186 14.9159875509838
3.39937531389296 1.93674231879413 4.67907248181291 1.63495385320857 14.6929422580227
2.56749604362994 1.22577255242504 2.40248723654076 0.53021069150418 9.03147427065071
1.72332846792415 0.338771189562976 2.4649648158811 4.2687582783401 4.25822821972902
3.23735193349421 1.42101915902458 1.52066694106907 1.56970398384146 12.9146445709331
4.82258798205294 4.82170196366496 0.39211108465679 2.42828733753413 28.6665792858505
4.93336497456767 3.27320251381025 3.53887705365196 2.41664521861821 28.6367745102923
2.02109729289077 4.50462825712748 0.957551355240867 3.38970360578969 9.55856757934742
3.73653240734711 3.16849023918621 3.83866898599081 3.84908542269841 18.1431179511054
2.53409602912143 4.22587798559107 0.672407363308594 2.41790682659484 11.6810522289465
4.06430967850611 1.52262197108939 1.46023651934229 3.61995669780299 18.6663685892504
0.06734041380696 4.95112754055299 3.63947396748699 0.741327028954402 5.99759774364795
3.31751206773333 1.15563430124894 2.71438068943098 3.87709680362605 13.1473109206773
2.99113918794319 3.18867589579895 0.242839100537822 0.0789406383410096 13.3199258776158
1.81185614317656 2.93019931181334 2.4952814693097 2.98138254438527 7.20814194054392
1.70441291178577 0.0602119788527489 2.9769817343913 3.50467409705743 4.01109115895871
4.59678009385243 1.54816821450368 4.38723697443493 4.49985752231441 23.7973483091392
2.01926688081585 1.94173865835182 0.824925707420334 4.08965298091061 6.81646808488177
1.59111209446564 0.202395278029144 1.65354375378229 0.90931476210244 3.71888082014219
3.11320881475694 2.77512698434293 2.6283463370055 2.96295226318762 13.4331826801617
2.94914605561644 3.68441640748642 1.92425667424686 1.3197722833138 13.7622575765251
3.0272133089602 0.791495442390442 0.236055039567873 2.12368760840036 11.2635315255072
2.0767105941195 1.61056565935723 3.41904014116153 1.76045741303824 7.07342921762935
1.59505460760556 2.05407890374772 2.93971516774036 1.09238738543354 5.8510058591299
1.60241430508904 3.15643180976622 3.69553200784139 2.60870887781493 6.67608868554085
2.38885120721534 2.51452779048122 3.94255777704529 3.42882368830033 9.1265913269344
4.96665009879507 0.380554847652093 3.62954003037885 0.383398302365094 26.3900690942502
1.11986363772303 3.52040362195112 0.662604845128953 0.0903694634325802 5.23288367882516
3.81564842769876 4.455561558716 2.8576790727675 0.251012360677123 19.6426927658499
2.51301169162616 1.61059204139747 0.257010018685833 0.237333034165204 9.05779249678556
2.12017393438146 3.96447087056004 0.851490459172055 3.97410477628 9.74721570604803
2.54365372355096 0.393487167311832 2.84722206066363 0.676679961616173 7.60821742332029
2.84344549523667 0.981010100804269 4.11160902236588 4.71506833215244 10.4999528529116
1.26937540364452 0.64599780831486 4.30870106210932 2.04919946030714 3.42784330694153
3.70032672770321 4.85243993462063 2.7489185181912 2.299932470778 19.6329381725759
4.2130938207265 2.86065424792469 0.527734473580495 1.35585925076157 21.526435314053
4.43149414146319 4.80405995389447 4.95906269992702 2.2535504156258 25.7418870167047
4.88411159487441 1.6623310407158 0.673719383776188 4.87764363875613 26.3439575484469
2.47900378657505 1.86945495544933 3.62913327291608 1.78132613073103 9.12224254098587
2.40539261605591 0.831153894541785 1.4178857661318 1.5388959844131 8.02223170402727
1.07434308971278 3.82743883994408 2.33652250026353 0.0551321066450328 6.33886473204626
0.112353545846418 1.21992981759831 4.34651799732819 2.660465775989 2.61969359474343
0.230148639529943 1.78715498419479 1.90495612099767 1.65572121273726 2.74206143761616
0.427165401633829 1.64045418146998 3.14136519562453 3.48543785046786 3.02212479994765
4.64614483295009 2.36470509786159 0.472177125047892 4.48006325517781 24.8043990769095
3.80653808591887 2.42539452970959 1.33246525889263 2.34773712814786 18.1896246936991
1.27536914078519 2.6119222282432 4.75273002171889 0.575876055518165 5.1488097304556
4.90197118371725 0.653425067430362 0.826965724118054 1.81605720077641 25.7525967578851
3.48521871026605 2.67853618483059 2.52224159194157 1.1750407028012 15.6126688671351
0.287867987062782 1.27332761883736 3.48031316767447 0.695178833557293 2.48324184022492
4.57958008977585 2.10282669519074 0.79901734017767 0.849461808102205 24.2160965636589
0.143624369520694 1.97509446181357 2.20551867387258 1.86983200721443 3.37677159673022
2.83643357106484 3.99676928063855 1.53861542697996 2.61596607859246 13.4028332025857
0.900583094917238 1.10649067326449 1.89749079523608 2.48817717656493 2.96214692966652
2.58323491434567 0.602846764959395 2.01310703181662 1.69142708531581 8.36527996009634
1.01099054096267 4.99490322545171 0.638517282204702 1.56065329560079 7.10594922511366
0.0695953005924821 4.55336222774349 0.328519365284592 1.91913821967319 5.55822194409108
4.58416152163409 4.58935663453303 0.0675514701288193 4.96631263173185 26.612999960208
2.76453433791175 3.72562353382818 2.70888233208098 4.07440870651044 12.6569704649571
1.70036342111416 0.46411064453423 0.0969487032853067 4.72036404069513 4.26860808505132
2.82565889297985 3.50552502786741 0.863227406516671 3.77390201552771 13.0105609672134
1.34893133305013 3.01207466050982 0.379428615560755 2.2932837670669 5.92566570136169
3.72513609821908 1.86834618332796 2.05229311599396 0.947232996113598 16.5859603649161
1.35936381178908 0.615092035150155 2.23333558416925 1.24420691514388 3.49420849728868
0.500326531473547 0.84727487526834 2.22401817794889 3.58532170183025 2.35786201561205
2.78369396110065 4.76949489908293 2.03273222432472 2.71427193540148 13.4426248407023
1.65882027824409 0.914154048077762 4.34884753078222 3.60128318541683 4.73543099528042
2.85432225675322 3.39663656544872 3.76401415327564 4.32540492736734 12.9325095416765
0.292354107368737 3.81839003530331 2.16208501020446 1.02336572017521 4.71343782679571
3.25061882729642 2.50901008024812 0.00434494111686945 2.34636152163148 13.8275947838989
0.233055979479104 2.52449651481584 3.33940053009428 0.439401022158563 3.51020068417482
2.62559816124849 0.878581836586818 3.09700353187509 1.50061504449695 8.69508207896494
4.47457871749066 4.43615504191257 1.12788316211663 2.68075763946399 25.5841043222323
3.09379575075582 2.17504395870492 1.94114674814045 4.99157798709348 12.7292223136145
1.04570962139405 4.97995327459648 1.02487230906263 3.27260448713787 6.87282625386321
0.512275293003768 0.0879340677056462 1.64929328369908 1.52984326938167 1.54088753447985
2.66020890674554 2.11591614061035 2.70378460292704 3.17033717874438 10.3974328540074
0.928396875970066 1.09760235063732 4.65229659457691 2.0047780231107 2.75274068174866
3.24160931399092 0.895590962609276 4.26637580269016 3.80436484585516 12.4957348420988
4.89806918194517 3.63295445917174 3.05094806826673 0.141269766027108 28.6748054724994
3.4652674885001 4.5366342086345 1.89607202657498 2.37998648430221 17.617510717135
1.63442066987045 4.92066103150137 2.73273562430404 1.99170290026814 8.75366218824972
4.67434249818325 3.11346372007392 3.88841700158082 2.55940895876847 26.0273440533878
0.625202326336876 3.29309151740745 3.78852405119687 4.11274539073929 4.57523805803819
4.46997825638391 1.09740104991943 2.3383360740263 1.26274294219911 21.8109928408281
3.054274515016 1.21560754720122 0.271651545772329 3.67059382493608 11.4456257343386
2.92347137234174 4.34225858189166 0.87682809215039 3.14284793334082 13.2717260377401
1.28842579084449 3.06890598963946 2.58240161347203 4.951324473368 5.59810416119335
0.119883539155126 0.532642916077748 4.89820478833281 3.40863407240249 1.36916532211822
0.35762867773883 0.0438786810263991 3.82126485230401 0.578534671803936 0.90671612145616
3.75807099975646 0.0547625403851271 2.66511657275259 2.51016838010401 15.15585648802
4.78249115869403 1.33036036975682 0.597423472208902 0.864943367196247 24.8290907837211
3.55226457468234 0.443214384140447 3.62998041673563 4.67740419902839 13.4987267752278
2.9712656501215 3.5043466463685 0.411528592230752 4.14218252291903 13.0494196835194
2.80150773236528 2.51525523723103 2.54242992145009 3.49434903822839 11.2353001077733
2.56852607941255 3.14525127061643 1.91965496283956 2.84100902616046 10.839998518192
1.76867475616746 4.38334959791973 2.23259632242844 4.14924452197738 8.30713386054575
4.56468626740389 3.10714137624018 0.267743507865816 4.94985472876579 24.9289979436698
1.49098984897137 4.33447991730645 3.49951360723935 2.19658448593691 7.58152219696742
3.12652561697178 1.10578538267873 1.08587780850939 2.03043180052191 11.7657358145306
1.9255275640171 2.77802979224361 1.98797694174573 3.00199977704324 7.64192790316192
3.4708403237164 2.81746894470416 2.68356932559982 1.29733194247819 15.7696500332325
2.09348725387827 4.27545770886354 0.975360973970965 4.91430685273372 9.43157968445562
0.425710320705548 1.36182027985342 1.91175896557979 1.11120773828588 2.37165632909691
3.93044364522211 2.60469471453689 4.51672503259033 4.21773979440331 18.8334542368396
0.631317291408777 3.31573592149653 4.55028630211018 0.505355554632843 5.02067543649934
3.1510278058704 0.247428247239441 2.68699984997511 0.113359539536759 10.9654141406925
1.31987027125433 1.82910278555937 3.47843877854757 1.33464122191072 4.89623377579004
1.93722104420885 2.43300642934628 4.25573326530866 1.15643844939768 7.03960029704015
4.59011698025279 4.79597839410417 4.74167748936452 2.65286823851056 26.8721969112094
2.19954556319863 2.36341794370674 1.88818614347838 1.82508946745656 7.86593156246728
3.40279142837971 1.98316407972015 3.67941050091758 4.72672740463167 14.2224023568837
2.58559364941902 1.33440118050203 1.35699047474191 2.92732681613415 9.13110043380139
2.9229950113222 1.24908177298494 1.05613255174831 0.936447759158909 10.7897833611308
2.09066347568296 1.37901968322694 1.64487241418101 3.98367888410576 6.70119493345098
3.18000518367626 4.91231663385406 1.54185629915446 1.55581836588681 15.9453221980495
0.294226586120203 1.46945740329102 4.36358475475572 4.1151834523771 2.32556450502559
2.47008365578949 1.5425861463882 1.05073384707794 1.34544643457048 8.67165841487846
0.804712453391403 0.503736496903002 1.23114909627475 0.717510423855856 2.18636615455129
0.567374104866758 0.271119269309565 3.51389793679118 1.31735715433024 1.80493177747738
1.39078840846196 1.47751446464099 0.792061552638188 2.6173363160342 4.10414167006837
2.54337623133324 1.27751776250079 3.62894807709381 0.0122290465515107 8.84062821579255
4.1995893092826 2.64726233202964 1.18264672579244 0.303110225358978 21.199312589119
4.52492723008618 3.39572673547082 3.98466081591323 2.83958924585022 24.6551527605287
1.56604674528353 1.94408399169333 3.89059381559491 1.48328532814048 5.87695064439875
4.26365474122576 0.886593394679949 4.66229646932334 4.52862184727564 19.7667839169316
0.43280337122269 1.57951063592918 3.91069797682576 3.68288473342545 2.59041018046608
2.30397824780084 4.16851796559058 2.7623478602618 0.887505202554166 10.3164987934452
3.15145082655363 3.09235315420665 2.93799328268506 3.32116461242549 14.3991676122584
4.17390288435854 0.633932769997045 2.09607842029072 4.16302023106255 19.3111364157606
4.9028639763128 4.82631884631701 4.36067655216902 1.63962732302025 29.9311099363415
4.94288376532495 2.99737358815037 2.94418264646083 1.22103422414511 28.7883415662515
3.27770223957486 4.22711397055537 2.54318094579503 4.62001263862476 16.0704906997453
3.75787222059444 1.29673595074564 3.33950912696309 4.05064431019127 16.2209375714975
0.86159389000386 4.69423661357723 3.51056538522243 1.45527581684291 6.83788596400697
0.175407663919032 0.680284287082031 4.60230044438504 0.180678424658254 1.62285986172377
4.70508636906743 3.79194497363642 1.344790403964 4.71175436279736 26.8902912124741
2.30572336935438 2.31514833285473 1.26198229729198 3.36195435607806 8.37467328030061
4.35079243732616 1.24394948710687 1.85537774115801 0.543865653453395 20.838418199693
0.983235873281956 0.118203137535602 1.30191813339479 4.32149587897584 2.41519227319627
1.45753593766131 4.59425608743913 0.0576578825712204 3.00022568670101 7.51546474381239
3.75945514068007 0.918584944447502 0.127108306623995 2.75978374644183 16.1713364994621
2.42923548445106 1.11305649974383 0.898890736280009 1.90780586097389 8.08737981542774
2.58059679414146 0.568690822692588 1.74606536398642 3.81988460896537 8.03696406707129
0.306076501728967 3.6937431700062 0.0117133976891637 0.559084528358653 5.00030615694752
4.70030905562453 2.26404251530766 2.07990500377491 3.72041747439653 25.2862205496185
2.11849781684577 3.19902542280033 1.09601850155741 1.22584330965765 8.79582321205926
4.37131407903507 1.03607690660283 0.860765967518091 3.84952522697859 21.1605949523989
2.43524753837846 4.25391051336192 4.95903808623552 4.59684044471942 11.0800570662803
4.24795700237155 0.35379464039579 4.46759442449547 2.05184929887764 19.1711480179209
2.98106264555827 2.0730409247335 0.767411361448467 3.64970848546363 12.2378632321578
3.17291685263626 0.522737886058167 3.13833116088063 0.0248347106389701 11.7371358726045
3.55428591137752 2.82376646995544 0.773611576296389 3.90216995496303 16.2440102331991
2.37911675474606 2.01777150039561 3.94832885824144 4.25143772852607 8.31900218797276
0.0889260810799897 4.4213241559919 1.09609222854488 1.5110654453747 5.64460896026794
1.8535917380359 0.884953283239156 1.94085112772882 1.28849356551655 5.09726148135845
1.53854748816229 0.176768037490547 1.38437180081382 1.94477127515711 3.87564173078217
4.33798081474379 0.781012019142509 0.869029643945396 1.62208715104498 20.2789218806472
4.99810824170709 2.82382941688411 3.12734061619267 4.03834482654929 28.8141152864041
0.912102423608303 0.119492759695277 1.31347029819153 2.8372687578667 1.98349746230592
4.22984073404223 1.85455332743004 3.53419756516814 0.655604283092543 20.6988709981423
3.19945862516761 1.65541900554672 2.54316309816204 1.05265596183017 12.7579306524891
2.61404953314923 2.12595139746554 1.94270625477657 0.452974553918466 9.76863146534266
4.74295835359953 3.31187832052819 3.28494155663066 3.24570345575921 26.8922452104331
0.920917310286313 3.71177324908786 1.71191875357181 4.12788542220369 5.61047687912354
1.09489450929686 4.28592764772475 1.58033392392099 0.230345031013712 6.33200540869572
0.923380298772827 4.09767679986544 3.5235307761468 0.548442932777107 6.1334244128103
1.00773698766716 1.95456424611621 2.37004773225635 0.420539424521849 3.95844971011317
0.611294179689139 4.90657124435529 0.833476543193683 2.95946837635711 6.32447948309558
4.06846567173488 1.22365118935704 3.07681944803335 1.11867752159014 18.8894184861484
3.09961229679175 1.40807592077181 4.39043000573292 2.34922381932847 12.0345113805723
0.683983346680179 0.624193684197962 1.74493810627609 4.13872738252394 2.24793489378153
2.79760632314719 1.85569091583602 1.4039333187975 0.0539368018507957 10.6492165345834
2.51867744722404 1.62401151610538 4.27573825581931 2.13272340595722 8.73911594808384
0.1001477742102 0.894274308811873 4.04535710345954 0.267210762249306 2.0855671706273
4.93582986062393 2.69183690194041 4.67148897703737 3.31300457939506 28.049510243969
3.24721331475303 4.01229184237309 2.95099264476448 1.49920410243794 15.9706731304526
