"X1" "X2" "X3" "X4" "y"
0.355029130587354 1.82246061274782 2.02606699545868 2.64329146593809 3.02883157201683
1.70901906327344 2.34480723040178 1.515974518843 0.426739539252594 6.36530893392851
3.58902691397816 0.587224793853238 0.769640872022137 4.47399195982143 14.7028966260829
0.0842625484801829 4.43728981539607 0.651291577378288 1.32043564459309 5.67948495862163
4.46877448703162 4.94525776361115 0.786270612152293 4.88965439493768 25.8259109567167
1.04855709010735 0.25791016407311 0.649902115110308 4.22185287345201 2.31231721951499
4.08995903097093 3.64261419512331 3.94608996808529 0.928041654406115 21.3121483859229
1.443044525804 3.9045386260841 4.87552235717885 2.62180981575511 7.04124871304225
2.32646086718887 3.22507469332777 4.8808134032879 1.50423769024201 9.61755958598641
2.14915285818279 3.23798279161565 4.37255533994175 1.10537784406915 8.87340908836609
1.4679488458205 3.43708090600558 2.46793278376572 1.58269160310738 6.23532380361966
2.98342110472731 1.66665516793728 2.28946067159995 0.930979293771088 11.3603823798099
0.160546500701457 0.24719808367081 4.16732746176422 2.90696716168895 1.36651490461189
0.660507946740836 4.29367820033804 1.05812238529325 2.15436802245677 5.3212095434982
1.85870957560837 2.24299806752242 4.99554531183094 0.372710444498807 6.80689196447284
0.868721728911623 1.90571179613471 1.71616538311355 4.4480392569676 3.88532735298353
0.167445859406143 0.661298763006926 4.50665978947654 2.54401386948302 1.80024225268644
3.9115964982193 3.96882798406295 2.03027326264419 4.66748490929604 20.3788911222053
4.33872501947917 2.66660648980178 1.77642006194219 4.59754899609834 22.3531380483677
4.46425738511607 3.20914459647611 0.863649415550753 2.4980810075067 24.027554486562
0.338104565162212 0.892826538765803 2.03531079459935 1.64917517686263 2.21623773882989
2.5826439098455 3.0206717911642 0.117512514116243 1.88417213503271 10.7247331262501
2.22486603073776 0.143958305707201 2.90672351256944 2.86192194675095 6.46706474281198
4.70068632392213 4.90574673633091 3.56212261831388 0.0850273144897074 28.2542603582108
3.01434845780022 0.0946022314019501 0.482483415398747 3.43790306942537 10.4822548375911
1.83187224203721 0.135601910296828 1.86651601688936 1.73109962721355 4.45921507323543
0.465258372714743 2.51217871787958 0.0839473225641996 3.70155162410811 3.84458816881413
3.93775547854602 0.58179308893159 2.67411092063412 1.24401296605356 16.4667273528651
0.87721427436918 4.87499374430627 4.79157398687676 1.19342220015824 6.81741252702046
4.19697371660732 2.30316366069019 4.23028425080702 4.4882891071029 21.0412150842452
2.08883223705925 2.4791263975203 2.0088257198222 1.19613648508675 8.31537172853756
2.41825498291291 2.98743448918685 4.78228764492087 0.1978612865787 9.7757875889609
4.27985533024184 4.60252109100111 2.67351598129608 3.34562011994421 24.0247911430431
2.63286128640175 1.23829750344157 1.35896497173235 1.70220929780044 8.81337699898219
2.77422227081843 4.40707553061657 0.119397214148194 0.109276443254203 13.0256165660316
1.40632592258044 1.83528134832159 3.28119138022885 0.973225017078221 4.69388450360976
0.954784840578213 3.69394468492828 1.51749925455078 0.440867410507053 5.91668887161376
4.28406105958857 3.75858857994899 1.76064175204374 0.809556494932622 23.1775875502161
0.487922898028046 3.34872343111783 1.81648730067536 0.911793183768168 4.63446365007209
0.14927756274119 3.99011782021262 4.49805953889154 3.41365423984826 4.8044850853382
4.33565926156007 3.81970314309001 1.6934902255889 0.156145293731242 23.546826770601
1.67537853703834 4.89819843904115 0.827843311708421 4.32918944745325 8.35829898752681
0.570054311538115 0.478017928544432 1.87573135830462 0.449962088605389 1.84052992196471
3.01643764018081 4.02408082503825 0.193111184053123 4.3521552416496 14.3732308034329
1.58706199727021 0.473804087378085 1.54751443653367 4.20866265078075 4.19210337971887
1.76314423792064 0.571818124735728 3.23894464992918 3.72469730325975 4.41266311936608
2.98581220442429 3.49860725342296 0.191989257000387 4.63789222063497 13.5267674215661
1.77163145155646 3.67410652223043 0.00776948058046401 2.5623126339633 7.7357392051
3.65726468618959 2.27939150994644 0.462610756512731 2.40146772935987 16.3387017308619
0.538533350918442 3.98663485539146 1.5369419765193 2.64184371917509 5.15631248771294
2.5168473192025 4.58476609899662 3.7869611592032 0.431971387006342 11.917058744201
3.27528379624709 4.42663228372112 2.84970503882505 1.33611859055236 16.2055893438438
0.941114909946918 2.81878961599432 4.30881589069031 1.52988340472803 4.65415584465832
1.31513106636703 3.93336223321967 4.20819047489204 3.84066733531654 6.60628177985333
1.39695958816446 1.22773171868175 2.82562589040026 2.84010709845461 4.4625715799842
1.87122153583914 4.29272544570267 2.41095100645907 1.99339734739624 8.65671905166056
3.25276187853888 0.502357119694352 3.62236726796255 1.37744661187753 12.3653978011949
3.7035756779369 3.9769557013642 4.63155066710897 0.0726403237786144 18.5879152275561
2.19585390645079 3.93332120613195 2.09622791851871 3.38043557829224 9.52598880201493
2.29282797896303 1.63940847851336 0.105252851499245 4.4756589550525 7.52567597265207
0.0294229970313609 1.50209068087861 0.309763760305941 0.216057098004967 2.24105807029941
3.17512573907152 4.82223144266754 2.88553779479116 4.72686602384783 15.7028658686283
1.88164583873004 0.651254584081471 3.4211597579997 2.83394283847883 5.34542932651215
4.86644146265462 2.2070003754925 2.77143453597091 2.05489517888054 26.7591188080313
1.8129003921058 3.74157545156777 2.62439070967957 2.45071828598157 7.92360559350132
1.85262443381362 1.50819833739661 2.40270949318074 3.06387536926195 5.72361831339486
1.47288645384833 2.30380343971774 2.86476033506915 3.92163771670312 5.50607738005686
2.55802832893096 1.32081931456923 1.96059321286157 0.856211381033063 9.2531323434543
1.6023657983169 4.0923054877203 3.68835417903028 4.63540174183436 7.80014923648393
3.03388009895571 1.63742652977817 3.68987624999136 1.48412509355694 11.7666411551775
1.63453472894616 1.79760978673585 2.14236298459582 3.01209759898484 5.71754165071935
3.10287667089142 2.49624272575602 0.878585372120142 0.774416056228802 13.589176712597
2.85416594240814 0.395383023424074 2.93009414919652 3.44220734317787 9.76211465321006
1.14165376871824 2.22403216990642 3.40004620142281 2.82173092709854 4.5670093370497
4.21289594494738 1.06382471509278 0.211433803196996 0.0589891360141337 19.9654109257657
0.0265430775471032 1.88164848019369 2.56062759552151 4.46614434826188 3.06368780938788
3.38273202534765 1.84014258207753 1.23750333907083 1.87721201102249 14.5665680795548
3.67969914106652 4.73001962760463 2.15491403127089 0.115595514653251 19.4108522465532
2.4269563308917 3.11385601526126 2.49925488373265 4.2557168204803 9.95518610992053
0.316093037836254 0.546211944893003 1.14199997740798 2.81584929092787 1.31552360402525
4.53905709087849 1.84152126312256 4.51056192978285 4.10360020701773 23.2981798761642
4.89726647618227 2.23447635769844 2.59214528021403 2.68134983372875 26.8259206851559
1.52775205206126 0.156756337964907 4.85969374654815 2.06083417753689 3.53226326493282
3.42282066820189 2.72212283336557 3.38342718197964 3.12673020758666 15.6638917881091
4.89679084974341 2.62108650291339 2.23348491126671 4.60446067037992 27.5842600747593
4.81081102858298 4.48819828568958 3.15883541479707 1.46098952856846 28.8455647725792
2.69010607153177 2.17235918273218 2.10365009959787 4.41828077775426 10.5206932398735
3.23816115269437 1.39345716452226 1.62367963581346 2.01813642634079 12.9552736255976
0.507308170199394 0.44948541210033 4.81984608457424 0.142798761371523 1.8951510908637
4.52187601826154 3.31219943007454 4.41405374091119 2.4305321869906 24.7480692523834
4.44536123308353 1.29807158722542 3.7014541355893 3.67330727749504 22.0691850217489
3.37610401562415 3.45180523465388 4.72043721820228 1.55675181653351 15.9154546082667
0.911499410867691 1.28528822679073 1.11514313844964 0.720047295326367 2.98869550419536
1.33114587864839 0.476316129788756 0.475848567439243 3.87271862127818 2.92297836308471
0.469997471664101 4.87464652396739 0.737119313562289 0.393663243157789 6.08200191317491
4.65279355761595 4.42350380937569 2.59785317233764 3.87359182117507 27.0788870358655
3.32574502215721 2.2531919030007 2.64501014957204 1.65807366371155 13.8602626709139
1.87852076836862 3.93198234844021 1.97755162371323 0.210652276873589 8.34214469356575
4.50760512030683 0.662021734751761 2.39816236076877 1.23267155257054 21.7780326751992
4.76097590988502 2.56597497500479 2.53027901286259 3.27782530453987 26.0387343537205
0.0495921401306987 4.413566456642 1.23203740105964 2.71117869298905 5.54220547832138
0.951323182089254 1.3723006111104 0.0771596177946776 2.40730432327837 3.18667855273514
2.21730665303767 1.12600392196327 4.45578724495135 0.730225095758215 7.01639164761804
2.70144082373008 2.91045893449336 2.83279231050983 2.19005152466707 11.1289476311276
4.76118247839622 1.58590458333492 4.64959695469588 0.079642265336588 25.1618676298608
3.29318947391585 4.87233038642444 3.34541733027436 1.3696084683761 16.6012100925071
4.17161272722296 2.87876155693084 2.44439336936921 4.54654514673166 21.400036054688
0.141404843889177 1.70297166216187 3.36395146208815 0.411043553613126 3.00757276441443
2.14741726405919 0.450383410789073 4.59214040311053 4.15258537046611 5.8162695525615
4.82596372487023 2.61961331008933 2.44346470339224 4.95241398806684 27.006804593562
4.85104227205738 1.80032583069988 0.228314318228513 1.19068726198748 26.3623294478314
4.44096936611459 0.109784547239542 4.62064211722463 1.96044375770725 20.8581101010394
0.389257421484217 1.94678510772064 3.10976749984547 3.06836910545826 3.01288943758098
1.81056455010548 4.75727824144997 2.31344082509167 1.22538002324291 9.00871624088637
1.88106172019616 1.23588940128684 4.80209599947557 4.64658505632542 5.38602183132521
3.11813164036721 1.99957804055884 2.86503624287434 2.27753123966977 12.7186387247437
2.71823531249538 1.14013019832782 3.20199781097472 4.13027730537578 9.69354453354696
4.81517961365171 3.96412255126052 1.24644459458068 3.43004939379171 28.4797477843822
2.46496562031098 3.22295529069379 3.64288600161672 1.40843750908971 10.2480204519501
0.430111422901973 3.71451866813004 3.37803659262136 4.36324358568527 4.88875166533598
1.90305204479955 1.29191457177512 3.42464343295433 0.87891485192813 6.25969610678855
2.74319628020748 0.617905893595889 4.19219673145562 3.99766438174993 8.89893767430067
3.55135137098841 4.12283368059434 3.41880450723693 4.00837010005489 17.7675812867639
4.29427491151728 4.65881825075485 4.36055701458827 4.83434731839225 24.1800424743913
3.05853742873296 1.36936728027649 3.90235121711157 1.93493424798362 11.500939000663
0.0417052756529301 1.42511203419417 2.57133535342291 1.11017605988309 2.47617317658682
4.06722064013593 2.92918109800667 2.66356838284992 0.171111240051687 20.4832900461821
2.66327833756804 0.317856248002499 3.95975178806111 1.256200496573 8.28996721466035
0.49347726162523 4.1846719046589 3.67257881676778 4.34602717636153 5.46710466679532
2.96224897378124 0.340105458162725 4.66838388703763 2.42079160525464 9.87124313095767
1.13996803876944 2.70824257982895 3.09716380434111 3.50968441227451 4.99767984550751
0.779211439657956 3.0311960214749 4.86705060815439 4.52138057909906 4.64472514718864
1.84816184570082 3.68797932867892 2.19891425105743 3.70768049149774 8.16575502701365
2.25091736181639 1.58123207394965 0.699947515968233 3.51889134151861 7.90739077690434
3.27932440326549 0.38598307990469 3.58160279109143 3.21772599825636 11.9616861217327
1.73660593689419 0.646587893133983 1.96114722290076 4.65954577550292 4.66726500909524
3.28920253086835 1.5414201526437 0.669872657163069 2.94184406171553 13.2266103537229
1.9307121867314 4.55988988396712 2.9203820542898 1.99870828073472 9.52300739707756
3.28179791220464 2.98746413551271 3.76391247613356 4.27587025682442 14.7877325438166
4.04001038172282 0.333361804950982 3.49226797232404 2.60257791145705 17.4794171491647
3.94527528784238 3.6118171387352 3.80368908052333 0.146474908106029 20.1543545084289
4.77260710089467 4.68485888908617 2.48445393401198 1.76945763989352 28.8656697955697
1.4456820266787 2.82984201097861 3.45794086111709 2.66002702293918 5.79519766839449
4.06814149813727 1.53004652354866 2.52271188539453 1.96369583718479 19.3262584477867
3.22142200078815 4.93743536761031 4.56677289912477 4.74756297655404 16.3073772023121
4.03142538038082 2.58193403715268 1.08334703953005 1.73927196185105 20.0593888133897
0.474119012942538 3.92780837020837 4.54159281798638 1.4643177180551 5.10127850546333
4.14276687079109 0.856027074623853 3.38915126980282 1.55718138325028 19.078162818184
3.37660874123685 3.52016314514913 3.39802043978125 2.65977753791958 15.6770138364776
0.849489532411098 4.41450098529458 1.89705572323874 2.13594997767359 6.10881531070694
4.18372104410082 1.98388264281675 1.54340848210268 1.80734109366313 20.5633262465407
2.73428939515725 1.50619004620239 1.85317682335153 1.3876424508635 9.73552103535714
1.10658149700612 4.75040191668086 4.34125726111233 0.718422976788133 7.25953570698215
1.54537877067924 1.29633633652702 1.23242106288671 2.06279556965455 4.45254782648513
2.1491381037049 0.644681542180479 1.0875265148934 4.30447158054449 6.45388739030437
2.99016362172551 3.87776193325408 0.291022571036592 2.49727851594798 13.8218754718618
0.672628255560994 3.37118168361485 1.52212282409891 4.13102200720459 4.89972792875286
0.976141801802441 2.0494452980347 2.42827484034933 3.90727786580101 4.13753377149257
1.97323365719058 2.61822939733975 4.84395085950382 3.39065356063657 7.26829770940893
4.54534828430042 1.9398426276166 1.5591419080738 2.11393067729659 23.7208483220386
4.63931025471538 4.23590845544823 3.5791059397161 0.0176304497290403 26.8838352499418
4.15982320322655 2.88162962999195 1.35861437651329 2.77474425733089 21.0353700991863
1.50096582947299 4.37415047315881 2.05915802740492 3.54582925094292 7.63158512480217
3.22913286508992 2.11915281717665 2.59428661200218 2.71477949223481 13.2820545881965
2.21257991972379 2.81135496217757 2.97675877693109 2.01272986014374 8.94424946932341
1.9965679559391 0.842534523690119 4.06346285250038 3.51605184725486 5.63062416722612
0.210340772755444 3.12297741766088 2.99983873846941 0.497478714678437 4.18519896307457
2.73506385157816 3.10565830091946 2.65310411341488 3.26340661034919 11.7690221734884
1.78589937160723 0.998174131382257 1.16881932714023 4.7866312856786 5.13375247114678
1.94667886476964 1.12013515899889 4.58346866769716 0.111872218549252 6.13252740433719
0.0264599279034883 0.240003557410091 3.53201649500988 1.80330653558485 1.21810512985103
1.94839290343225 4.40355260041542 4.07149787992239 3.67986684897915 9.14975527615517
1.36011511436664 2.2924767783843 2.8888875269331 3.40963428840041 5.61274031531181
1.51942958706059 1.27462440519594 3.68062722845934 4.15190030820668 4.76207136161424
4.3197681568563 4.12550614215434 2.65663904836401 1.75075360340998 23.9908717923008
4.34803089825436 0.513125447323546 2.31219252687879 4.98020451865159 20.3630836076406
1.65463936631568 0.336216792929918 2.2125242324546 3.74232307542115 3.73549076171426
3.8160010590218 3.98298510815948 4.86006234306842 4.81781166396104 19.6689765944529
1.90973654622212 1.17504435125738 3.46945587894879 4.73539650556631 5.87262037307768
0.399594125337899 1.89872500370257 0.407418406102806 0.196072502294555 3.27597204411408
1.75202488782816 1.20807453175075 1.75405492889695 1.14035651437007 5.18625957196686
1.55708300881088 4.61145603912883 4.14493981632404 2.99806851428002 7.92650605270641
0.170385546516627 2.89771937066689 2.77135178912431 4.04528739862144 3.74462087042978
1.68656276422553 1.37825430603698 0.405194472987205 1.3035813847091 5.656505736507
1.66481045424007 2.11306701647118 1.54459865647368 0.622541325865313 6.29112479458051
2.50902573927306 3.36804940947331 2.71019855514169 0.64394582528621 10.7305554103793
1.02946024038829 2.33303884626366 4.12990069016814 3.07772077620029 4.41646478017638
3.91614712309092 0.144203505478799 1.9094727083575 0.783653142862022 15.9936754532167
4.29125879891217 0.773081382503733 2.56797395297326 3.71387427207083 20.1981714625126
1.14731555222534 2.38432904938236 2.8346515330486 0.435374041553587 4.94257287213081
4.74307488650084 1.32000000448897 1.6521293669939 2.4998542573303 24.9296832194876
4.9893847387284 2.66468360205181 0.180324376560748 2.24704144173302 28.5300693109093
0.113820614060387 2.96527537051588 2.74342454271391 4.11145787453279 3.9662656153967
0.665035129059106 0.93328328570351 0.74931584415026 3.1086450512521 2.2864106926737
3.99104390642606 2.1618458093144 2.13412659591995 2.77971398783848 19.5306593296403
0.537148859584704 1.26454866142012 0.06629578769207 1.52948745642789 2.7217680774835
0.80027358722873 2.86729890038259 0.713793351314962 3.74682921916246 4.55998766533781
0.195314340526238 4.63818929390982 3.77884681220166 1.28953789593652 5.76820297582964
4.63164159795269 0.34688412793912 2.64963500434533 2.7208058827091 22.8393884593705
4.8291052528657 3.84402288589627 0.428217414300889 1.66669813217595 28.1617106062519
2.43680576095358 4.19548958772793 3.93798845121637 1.01863849675283 10.9932190329206
3.66906680515967 3.24662167695351 0.586196193471551 2.81641382258385 17.8553091265232
0.500908712856472 1.5804509841837 1.28697858541273 1.80898984428495 2.78184817546942
1.02594883996062 0.332450305577368 2.75157820200548 0.75773763586767 2.51830358843519
3.39645240688697 1.54371646232903 0.591432068031281 3.20963228237815 14.2151444679443
4.49115442461334 3.92419634503312 4.24566406290978 0.0600018200930208 25.2968644110434
0.55742529919371 0.563095036195591 0.219389692647383 2.24117826204747 1.9470169381478
2.93398978421465 3.56692572589964 0.970969549380243 0.808503143489361 13.0618061111239
3.15529981511645 2.54925803048536 3.08437965577468 1.07169765862636 13.7192468554307
0.690163797698915 0.801753480918705 3.61925355973653 4.01771464268677 2.56248033408751
0.345055331708863 0.521947871893644 0.864291561301798 2.35856456798501 1.83029819741602
4.25044893869199 4.15247232769616 1.29072742769495 4.36959571787156 23.4900799791497
3.51045196177438 2.90607250644825 4.98346443404444 0.942433783784509 16.444937077409
1.50485277525149 2.64424535213038 1.36903237085789 1.30973228719085 5.62834140456865
3.13451935653575 4.49584180605598 4.11630589049309 3.00013471744023 15.5526368582365
2.72850195062347 4.46022306219675 4.30153863853775 4.60334712290205 13.0042207731489
2.2498122160323 2.71453709108755 2.25012217299081 4.74954288685694 8.87857732486756
0.942624242743477 0.275931428186595 3.5732639208436 1.11273896298371 2.22065736937918
1.70942200929858 3.23968028184026 4.3596614850685 4.29928891127929 7.19940331341955
1.71617921208963 1.60307782585733 1.10737253795378 4.57529063220136 5.38748429353544
4.3258707341738 2.71722558303736 1.85134204453789 2.13894738350064 22.3328709307794
2.49469285947271 4.68882052577101 3.47161688376218 3.52383931167424 11.8819718881144
4.69172728946432 1.48706532083452 1.56166638364084 0.915808310965076 24.5736216227911
1.62453648168594 0.128780143568292 3.87218412477523 4.27774799172767 3.86224886858738
3.57936321874149 3.79181713913567 4.58942049532197 4.62244969676249 17.5554297221074
1.46126453764737 0.935357003472745 4.23301739268936 0.699029752286151 3.94599836558429
4.72978666541167 2.91980960755609 3.2710263854824 4.82747629168443 26.1650449588932
3.22721408796497 2.70324441953562 3.03858771105297 2.75558958062902 14.2173898724754
3.62789975828491 4.60189193719998 3.38902594288811 1.27377689583227 18.9660885347194
1.07395244878717 1.00945203797892 3.01152801723219 1.31580082583241 3.415012772396
1.12137736054137 2.49365045572631 4.24197495682165 1.80592489195988 4.71334632091021
0.662040442693979 4.9542407260742 4.29901182535104 0.185044212266803 6.20620953341708
4.89547502715141 0.401957980357111 4.91758583695628 1.82065854547545 25.2371848663312
0.485984375700355 1.95765474345535 3.16530981450342 1.69471258064732 3.46127335373013
2.56388892536052 0.523879146203399 4.41009611357003 2.41709183552302 8.43070350933925
3.53217284544371 1.91791036282666 3.70519847492687 0.255753411911428 15.2485636223666
1.35963818058372 3.18613448995166 0.306452884105965 0.226638545282185 5.91878119322171
0.669684177264571 1.10899982857518 4.36949192895554 3.37032056064345 2.5975986435963
4.40868661156856 3.72485901229084 3.8171735079959 2.29068610817194 24.3891585743004
4.4120581925381 3.8424312940333 4.416530438466 2.58875805069692 24.3059897798039
3.34976750425994 1.13415911793709 3.90123148215935 4.95794291608036 13.2547599464748
0.805378584191203 0.477430834434927 4.99549409025349 4.68277318985201 2.01662066698285
1.09521597623825 3.74510466470383 3.86587688932195 0.353752525988966 5.66913968977993
0.729276170022786 0.866305108647794 0.817155243130401 3.01678364165127 2.37242246759371
4.42619152949192 3.29215976991691 3.88068632804789 3.98726161802188 24.0234008842035
3.39506682590581 2.95754982973449 2.1474265481811 1.2362012732774 15.3972712809917
1.96743329754099 0.456091748783365 1.14506998681463 1.9376887998078 4.81804858659706
0.38653974304907 4.63706065085717 0.354431145824492 0.322915185242891 6.03127182105956
3.25757721322589 3.53474930394441 1.76686003454961 3.11023475602269 15.3601468263498
4.46674322825857 0.412456599297002 3.31331388093531 2.98358123167418 21.3895246402061
1.50783659191802 3.16081712255254 4.09144712728448 2.54757299786434 6.49768065302131
3.94792427192442 2.8198371513281 4.15681468206458 1.98008775012568 19.6040876092891
4.64175400906242 2.97599543468095 3.09614391997457 0.80946390517056 25.2599794957158
3.03871791227721 1.72976355766878 0.178966022795066 3.15837303409353 12.1516807174716
0.441218834603205 1.71796177048236 1.87442604335956 4.74926476133987 2.82243340260593
1.93536363192834 2.27016803692095 0.365407154895365 0.0728149898350239 6.8558086666194
3.53079110034741 1.69419574551284 4.80583780561574 0.200935392640531 15.2489573714864
3.22177662048489 0.491791453678161 4.48901926167309 2.51496346085332 11.9705622061521
3.54143004282378 4.57334326929413 1.31096717901528 2.30824164696969 18.2864899656606
3.35224846494384 3.87563237105496 1.94592641550116 4.09466051845811 15.8691676740447
3.86914996430278 4.32858738466166 4.39480489119887 2.75756023824215 20.4600203536494
2.68093771883287 0.265855458565056 2.90172423701733 4.30628582835197 8.38674291254698
4.4534837862011 4.44548993138596 2.31482777744532 2.55433902610093 25.2294057255297
4.73033250425942 3.60768449143507 4.8628688743338 4.82382170390338 27.0703510659839
3.43121450976469 1.16394089767709 1.70112658641301 1.82047475245781 13.6287364365696
3.28178908210248 3.52424588985741 0.638042407808825 4.65799197787419 15.4840233301174
1.485804078402 3.74924069736153 1.20742563623935 1.46692536887713 7.2283117064371
4.30729363579303 3.4119238704443 3.64329246920533 0.425943364389241 22.8672938274307
4.07722529605962 1.19627443258651 1.64800372556783 1.4074034569785 18.4415862216177
4.49854802340269 3.71976679190993 3.03041248931549 4.90386487101205 24.7957428817952
3.58662172220647 1.36563292820938 1.45453404751606 1.24435581616126 15.5233425211458
4.21652336372063 4.32588898460381 1.78415619535372 0.523539645364508 23.1326798453516
3.58921034494415 3.50690924446099 3.5986209125258 1.54871304403059 17.7037160906019
2.24938934901729 0.327530056238174 3.7134525727015 0.942262489115819 6.61005446843595
2.44228995637968 3.0665670952294 4.41101025324315 1.66478909435682 9.94629759586573
4.35360911418684 1.36276522651315 0.369175418745726 0.500035167206079 21.2702895325223
4.78511903667822 2.62807063525543 0.920211158227175 1.66725602350198 26.4473241056573
1.02151650004089 4.85323803732172 4.36808067956008 0.790628828108311 6.63574979836234
3.79237798741087 0.23695738054812 0.465281553333625 2.22364083165303 15.5788455847946
1.32473011733964 2.77395761571825 1.98779672500677 1.89874588046223 5.65682946643642
4.56212900578976 4.1655498824548 2.16882974957116 4.89048631046899 26.1493813007921
3.01347861066461 3.32318235654384 4.47009330498986 1.45954226027243 13.4808703606631
1.04198076413013 2.94138395925984 3.7988091155421 1.58171093091369 5.51200076370375
3.99139278801158 1.94895730819553 0.876466719200835 3.35720617440529 18.6531974867308
3.4022384614218 0.0824986980296671 3.71273071039468 2.02811538358219 12.5600896411854
3.84150235215202 4.11515939398669 3.05946626700461 0.566052052890882 20.1799308593718
3.96466053673066 2.7068125049118 3.77179189235903 0.104312638286501 19.6253887410913
3.77572974772193 1.93526561139151 4.01246479013935 1.20410846080631 17.3716075433847
0.461281462339684 2.12980951648206 3.74314055079594 1.56550045241602 3.42318805547622
1.25748540158384 4.99999997555278 4.35699319001287 2.39074646029621 7.72238382650925
0.832273004343733 3.33784512011334 1.76203625509515 4.73860275465995 4.79844676391457
0.565983107080683 4.81756181456149 2.9163485520985 1.24881063355133 6.19263342530755
4.90306713967584 0.607351262588054 1.86185030150227 4.75820395979099 25.58093366481
3.06673528742976 2.83833027002402 2.74834491778165 3.98911895812489 13.3176749678489
3.56360879377462 2.86774847423658 4.64343642466702 0.274771839613095 16.8013071020439
1.34837044635788 3.35439145681448 1.70435521402396 2.92907494935207 5.92813373480585
1.47920798161067 2.5247144442983 1.66143326088786 3.37816528393887 5.89820353088559
2.33698458992876 2.25854396587238 2.52423222176731 3.61744845053181 8.36454852118676
3.47391932155006 1.23822920606472 0.225712819956243 2.17125957715325 14.3085716586877
0.795739284949377 4.31873956695199 2.82468891935423 0.802037544781342 6.24532373037155
1.72956051072106 1.50508796097711 1.1365911772009 3.70233352063224 5.4696086370473
3.65043141297065 3.4690779261291 2.96956259175204 1.05370189761743 17.7003325176529
3.44745138543658 3.53757480974309 2.71244296221994 3.1488671223633 16.5746652913661
0.5028764042072 0.598379506263882 0.260592590784654 2.83040436799638 1.88749757254533
3.42479264363647 4.14475847617723 3.07126436848193 1.09192232019268 16.7237021552672
3.89411506010219 2.95198343927041 1.68991800630465 3.951624953188 19.1442075675379
1.34572574635968 4.77214357815683 1.6556428023614 3.23881116812117 7.9851391589781
0.223122952738777 0.556610393105075 4.09192592953332 3.67573313298635 1.27571444052352
4.31266134488396 4.00490805855952 0.112089088652283 4.14117806125432 23.8281108835608
3.28189022839069 0.892941954080015 3.26840077643283 4.90602394798771 12.740907131707
1.89260293147527 2.8325590887107 1.26472367206588 4.24277752521448 7.1612930085918
1.97416756884195 0.489677153527737 3.53392462944612 1.19655727408826 5.00065293221128
1.08305484405719 0.0106369936838746 0.424844118533656 0.54191077593714 2.05576241449245
0.726554495049641 1.51441999012604 4.83922112849541 2.1820993477013 2.89032561931201
1.79975400562398 1.20903054485098 1.47758683306165 1.48191104759462 5.75114213997762
1.45730674266815 0.484760638792068 0.931680211797357 0.964032760821283 3.87890291299333
1.83668550453149 0.302393805468455 0.9314614336472 1.88086533453315 4.46621619410066
1.91372061381117 4.12444020505063 3.31157641368918 3.54468618403189 8.51886878086204
4.52067745267414 0.947962657082826 2.08051039837301 3.6483392782975 22.3883261152646
1.6578383219894 2.61448073899373 2.27731785154901 3.72022744035348 6.07560902904492
3.61478737089783 2.61855934164487 2.31290719122626 2.37418988835998 16.6348995369475
0.410297205671668 2.97673842869699 2.17990042176098 3.61460370128043 3.85063884608916
0.798976310761645 4.95694763143547 4.11145757418126 0.653786144685 6.33075085991833
0.907959415344521 4.02304426417686 4.68811336788349 3.36443170555867 6.04758520274136
0.20241406513378 2.3203593317885 2.39029254997149 4.34857316198759 3.15379066213409
0.014384996611625 4.32538282708265 2.6809205673635 1.74263248452917 5.47868582989723
2.02875638147816 0.864236023044214 0.710159377194941 4.80971628101543 5.7848683952337
4.77269553230144 1.16986477514729 3.96897884667851 4.35876376577653 25.4462010139946
1.12619116785936 1.00701081915759 3.53624301962554 1.21024952153675 3.17515153973209
3.01294668344781 4.51346388203092 4.0807485638652 1.44863317254931 14.6828329624227
3.77346465713345 3.05609210976399 4.83181566232815 2.97548016766086 18.1408181776627
2.48690500739031 1.11183666158468 4.09603989566676 1.76074126386084 8.30877865057941
2.78916465002112 3.38957760366611 0.736668754834682 3.1745478627272 12.210139732001
1.54127843328752 1.10635929973796 1.29509274382144 3.26464581303298 3.95046807318801
3.3194375585299 3.16970409592614 4.24711597734131 3.45373272430152 15.1794031901604
3.80770294344984 0.487129456596449 3.48366869846359 3.18513097357936 15.7695124807226
3.09138318873011 1.31071079522371 1.65530772414058 2.02210415387526 11.4059563446147
0.987063398351893 0.202393466606736 3.2358089601621 2.42666809470393 2.42056398236186
0.723708868026733 2.04142522998154 4.91337636485696 1.90758739365265 3.74004102958474
3.11738281743601 1.43545811879449 2.98807452665642 2.35995682422072 11.8412013299564
1.53959273011424 4.64048480149359 2.61691557941958 1.2155938684009 7.54840644541306
0.417730399640277 1.3846682861913 3.62793426495045 3.3366231166292 2.93756814953203
2.54587726551108 0.522785726934671 0.693344461033121 1.05862393626012 8.23544923610221
2.59474982740358 1.02275571436621 4.17996781528927 3.17180644604377 8.99282122219047
3.56768950703554 2.01644713291898 1.14870574790984 1.99765849392861 15.6730534817331
2.69533333717845 0.672363277990371 3.40358020155691 4.57313029095531 8.90095477843415
1.53684589429758 4.89424920524471 4.50805979315192 2.49624250573106 8.23972161479758
1.8430921190884 0.0849495432339609 0.341483858646825 4.18185334419832 4.76316526690196
1.81218194076791 0.106114819645882 2.18179453047924 2.00834856950678 4.3572708972373
4.99207688146271 3.32276238827035 4.2030686873477 0.3368097206112 29.2392733956902
0.775265586562455 1.1383086652495 3.54098985437304 4.63504780782387 2.92173539426204
2.4919172830414 0.837003930937499 4.97859205235727 2.81636515632272 7.99671469038567
3.97914085886441 0.825235281372443 4.39586692489684 0.130661565344781 17.8248182604382
2.52220917493105 4.808678496629 3.03348594694398 2.75455539347604 11.9446762764221
2.73713669157587 1.97881980799139 4.03926900587976 2.84677568241023 10.4554557721643
4.22926212311722 2.57788300281391 4.43701684940606 0.381621626438573 21.6991774681799
1.30736155435443 0.301193663617596 3.15539542352781 0.100560752907768 2.89227082009167
0.577647389145568 1.58159283921123 2.3847717535682 3.11062435037456 2.73150384543096
0.960126868449152 4.6983629418537 2.46005922788754 2.82565943314694 6.78394290232224
2.33251516707242 3.21996728074737 2.48979509109631 1.04076612275094 9.6883697610932
4.91742039215751 1.23135425150394 0.0834882422350347 3.89344931114465 26.1305450339022
2.92906051734462 1.94164922926575 3.32173168542795 1.97973653092049 11.9562152553143
3.36323085706681 2.31245667673647 4.31211776100099 4.12685458548367 14.2937625961504
2.0350947661791 2.21575242117979 2.11794381029904 3.90067352796905 7.49204127518504
3.85159725672565 4.54853814677335 2.88126943516545 2.9814314970281 20.7011831785125
0.95067674992606 1.63714219001122 2.77498472831212 4.8821284621954 3.40293467446213
1.59872056217864 1.25943806022406 2.5721300393343 3.91014979686588 4.81507568513799
3.73103702440858 0.615889648906887 1.11896231072024 3.24218776077032 15.6189049608851
4.45659019984305 0.0871321524027735 3.78824687213637 0.626508814748377 20.9461609023966
1.94583047414199 1.38965288060717 3.92969048116356 0.428927073953673 6.30512910574104
3.96486405865289 0.0929886777885258 4.29250062210485 3.53150797891431 16.71959095268
3.92203409341164 1.88576002372429 2.82091980916448 3.65925576072186 18.3299873734244
2.2169054497499 4.33436299092136 0.708852262469009 2.45507403742522 10.3430875127171
1.73501994577236 3.43469121376984 0.639259113231674 3.34531429572962 7.10398507887382
0.746624020393938 2.83690620562993 1.68783812550828 0.204572229413316 4.5660983496978
4.03477880638093 1.81647727382369 0.996780928689986 3.69169447687455 19.3846036573575
1.67804434197024 2.04959705704823 0.0780394009780139 2.87117437808774 5.98578457123659
4.72723610699177 3.84781829896383 0.0873192748986185 0.953931100666523 27.4598027446059
4.64207194163464 2.25730843725614 4.14531323127449 4.85895932419226 24.9404306009008
2.99497515778057 4.01643316610716 2.25560093880631 1.35474608512595 13.9152405941291
1.46484757075086 3.97174076526426 2.03992988215759 1.82226216071285 7.46238290879194
1.04607080924325 1.00893481518142 2.13947644107975 3.44491416821256 3.09491853207565
1.89927541767247 1.70636170660146 0.517030418850482 3.894039982697 5.8514724008693
4.50487955240533 1.95347820641473 1.4243140805047 4.97913668397814 23.4687493552725
0.623370165703818 4.47896857280284 0.809516195440665 2.38396491389722 5.96928851526647
0.509064013604075 0.771106218453497 3.50868550478481 3.88665960170329 1.68931463174636
1.55995374312624 4.1174954874441 0.463093023281544 2.91301174438559 7.53561406787227
3.50114801083691 0.127080366946757 4.38722214545123 4.57639496191405 13.246193218663
4.74999500322156 4.65697061852552 0.176246389746666 3.65704589756206 27.7597851070027
4.75496112951078 2.00858983094804 2.07319381297566 0.202685666736215 25.7193227006586
0.639634148683399 4.32369162794203 0.774200076702982 3.63476138212718 5.76596490955503
3.56783155235462 3.3603617514018 4.18516164412722 1.09642708906904 17.329553151934
2.94744305312634 1.22219252283685 0.480280416086316 3.66479506948963 11.1561527152228
2.48697018134408 3.35421141819097 2.12308977730572 3.16763901733793 10.6994306183475
0.746776877203956 0.318090099608526 3.84953056578524 1.18096776073799 1.91917141820107
1.93462395924143 1.25862953485921 1.00373298977502 1.28571645822376 5.86020510832393
3.7543480633758 4.88062190939672 3.90737391775474 0.0896056753117591 19.8340740426256
1.50984766543843 4.81696000904776 0.897863850696012 0.544586215401068 7.67655252562056
4.79465045384131 3.9939785155002 3.69942705379799 2.81337860622443 27.8555887967341
1.74697699374519 1.93285004468635 1.21721334988251 3.55078933644108 6.13910094481973
2.97507140785456 1.02016312652268 0.730275027453899 3.53346114512533 10.9815946162867
3.17473865346983 0.276336697861552 1.7375527753029 3.97373701329343 11.0886436681419
2.705836299574 0.556960088433698 0.912600537994877 3.20587801164947 8.91655199348071
3.07012657518499 2.59161986061372 1.32723671733402 4.86256601288915 12.8546041269149
2.59032321162522 4.70521115930751 4.08504383522086 4.61751063703559 12.72647489055
4.6721917623654 0.401643685763702 4.0475227299612 1.27147790277377 23.1277261961828
1.71198943746276 1.03414756595157 1.28724479931407 0.0788983853999525 4.74105457167777
4.04091340606101 2.03137693111785 2.96531845582649 4.43362670135684 19.4576399053994
2.43158076540567 1.40715498710051 0.0144491996616125 2.38010276807472 8.28079544817189
2.70758307306096 1.31848939578049 4.43416697788052 3.9455590734724 9.78203741795457
0.838545805308968 0.796294597676024 0.555434632115066 4.85384957981296 2.49342370805042
1.31103114807047 1.61709974636324 0.908641972346231 3.11222571064718 4.08721630799378
3.86856277473271 1.80560541921295 3.19516852963716 0.407972562825307 18.0796514293929
2.65571152442135 2.75705210049637 0.195381315425038 0.58377105393447 11.16627161052
0.104770662728697 1.12280236789957 4.85287177725695 3.42816189397126 2.04810231742596
4.41514114267193 3.10022271820344 3.07737014722079 3.46855964977294 23.6754362427119
1.77600094117224 2.8629277064465 0.79258672427386 0.194454146549106 6.65170505088428
2.55945604061708 1.00457829539664 1.82586716720834 0.7773744140286 8.66049601524756
1.9334898784291 2.94372686650604 0.306078587891534 4.31102440343238 7.57511084811417
2.53812550916336 3.1211555574555 2.89455547579564 3.413722604746 10.9302991401551
0.994090125896037 3.68852575193159 3.67264563916251 2.97259388724342 5.59604610731432
2.59537520003505 4.99066122574732 2.54657817073166 1.12940074875951 12.638429423719
4.37013219925575 2.887421855703 4.18493604753166 0.704619878670201 22.8800560019247
4.36806462705135 4.15851954603568 1.12785730860196 3.90304565662518 23.9434507853206
2.43124545435421 3.73797174310312 1.06756315100938 2.89469201234169 10.6350720175448
3.36603793315589 0.0915461743716151 1.73555936547928 3.5867109184619 12.4632947483136
4.22523793997243 4.2775501741562 1.75782197155058 3.09452382847667 23.2449249035519
0.156327447621152 3.77970876870677 4.83558904612437 2.03776165028103 4.74591478470124
0.196212362498045 1.61920187645592 0.203825165517628 3.38883031043224 2.80115150096336
4.72484085476026 1.38742576935329 0.526401997776702 4.85274859704077 24.9069023410713
2.13839311851189 0.246015954762697 4.40294698928483 1.94757294142619 6.25031588324111
4.58032904891297 4.77614726522006 4.35732906102203 3.48095958353952 26.7720177780439
2.21866217791103 0.812976872548461 2.53642327385023 4.85826398129575 7.05884250056998
0.0908737594727427 3.52763436618261 4.60501985624433 2.40166542353109 4.74050652019922
4.97296719113365 4.09903199761175 4.09097392926924 0.227845616172999 29.5561901522405
2.90654716663994 4.3038187478669 2.69254416693002 3.25884926249273 13.889972071498
0.386341648409143 4.9755289463792 2.21984392381273 2.17940757283941 6.12914152682494
1.30832639639266 2.46206447482109 1.2467816658318 2.70489917136729 5.07419475255935
0.309089516522363 0.617898298660293 1.29765543388203 3.82025601458736 1.690032856598
4.6803039079532 2.46798424865119 1.57795859500766 1.98511864989996 25.1515303725752
2.99033558112569 0.835565369343385 0.509998536435887 1.80079561308958 10.530101385821
4.56404279218987 1.39192085131072 4.33746301336214 2.20171567401849 23.1733366616231
2.80266473768279 0.104363138088956 0.246136571513489 1.47853121743537 9.03198475008613
1.32101760595106 0.845759208314121 4.59866001037881 4.14164860150777 3.25148438685261
3.34382637985982 4.39055696246214 4.78791060275398 3.40930010541342 16.7052092868173
2.86262778216042 4.73246380221099 0.640031325165182 3.05145655293018 14.0675058032025
4.73937752423808 3.68605766445398 1.4150488213636 1.52814134140499 27.1543209846742
4.30777568602934 1.1087693599984 1.10959207289852 4.42548492690548 20.1934438505568
0.925849699415267 4.99448943533935 3.16311388975009 0.265235439874232 6.87570593171989
1.43869593157433 0.878268877277151 1.39628361328505 4.22223085886799 3.78951803634314
3.33076413488016 3.93003592849709 4.89060632069595 1.20921474182978 15.9649343173484
4.24266850575805 1.21704130317084 0.540085715474561 4.79314499534667 20.4967072864259
2.18785202712752 1.56775692827068 1.78031455725431 3.80842690705322 7.48598350616403
1.7397707584314 0.743230150546879 1.54224539524876 2.04363118857145 4.54580159693565
2.8984443761874 2.81260994961485 3.87880406924523 3.95855326903984 12.3493301488063
0.622350061312318 3.257212752942 3.9239256712608 0.318320386577398 4.50694253711701
4.79184422409162 4.94313170085661 0.0248727679718286 0.475994487060234 28.9309811589746
0.452941528055817 4.37640788848512 4.50856810086407 1.90638245898299 5.29314747256769
2.08727517398074 0.409739547176287 1.46034696954302 3.22471548686735 6.1259558373232
1.03918489185162 1.58542530960403 2.70665963646024 1.49422379327007 3.46387920797641
2.21965126576833 4.06288150697947 1.19306288193911 1.94998489692807 10.0415300176835
2.72606802755035 1.56335232197307 4.57966872607358 1.67161235003732 10.0415130612874
0.203513745218515 4.56672790460289 4.76482045138255 4.34721569763497 5.40774109653125
4.92310137371533 4.36818127403967 3.5311018966604 0.86293684435077 29.3767168791187
4.36854662722908 3.89253244851716 1.71313886414282 3.39244191185571 24.1889053878195
4.46948047610931 4.91218827082776 2.66147167887539 0.739802789175883 25.8893547998751
0.247217710129917 4.49687491171062 0.0535093597136438 2.37814984051511 5.4478220192121
0.925725940614939 2.70367117482238 3.66792119573802 1.24154127202928 4.71354257376148
4.86419093445875 0.181979425251484 0.266987712820992 1.54794603819028 24.6686038593915
2.54664490232244 3.10582241858356 1.42152685904875 0.660945132840425 10.7216555456273
3.87168785557151 1.14225536002778 4.07425964483991 1.60584227764048 17.0897149572085
2.18090643291362 4.78304871008731 1.43060788861476 4.49046376277693 10.6516031211717
1.0014103713911 2.20332091324963 4.37245398410596 3.52591418195516 4.0571075344731
2.8045699710492 2.94325255090371 4.14887210703455 1.17479795590043 11.8082944049896
1.30762010812759 3.18834030651487 0.166212823241949 0.311862742528319 5.55850455957398
4.40511912223883 1.8756515160203 4.28824941511266 0.387027106480673 22.3293317159782
4.27069573430344 3.86106957565062 2.74163474328816 2.99267406691797 23.0852660766569
0.0836313969921321 3.86340068420395 0.771435601636767 1.40033058123663 5.28764459669079
1.196506426204 3.36158499354497 0.733545151306316 0.164226713823155 5.68007399878435
4.93891698308289 4.89094208576716 4.26587398746051 4.69253431423567 30.0314448016647
2.06520756124519 0.756822829134762 1.07509315712377 0.809920168248937 5.82521946128819
4.08992071519606 0.0248021248262376 1.4523476944305 3.50990419043228 18.0926031825502
3.84964305208996 4.23517412389629 2.53514118143357 2.89128820877522 20.0053967336613
2.71636135294102 1.9426723907236 0.680232648737729 4.08073783270083 10.288386086847
2.71137031377293 1.09999511856586 0.335488681448624 3.19432714837603 9.4954518471967
3.05554571677931 4.98352310154587 0.324565545888618 3.32676680875011 15.1898901197728
0.257844297448173 4.79272673139349 4.67710116412491 4.84864293597639 5.73305686889467
0.629144968697801 4.00281113688834 0.559319871244952 3.46074933069758 5.71794383333962
2.18070189701393 1.38359179603867 0.344448188552633 0.441238440107554 7.53004181211571
4.14511008304544 2.75956822559237 4.28354535368271 1.58696311526 20.9535913598413
0.211697608465329 2.77764410944656 1.49761492270045 4.08384785871021 4.12997773996123
2.94941289001144 4.54049258492887 4.7213882592041 3.52997371577658 14.265823473505
4.32428798289038 2.69373592804186 3.98441160912625 1.38507149647921 22.6161434474222
3.98432431742549 3.25815637945198 4.7332628373988 2.10074659087695 20.0870803665307
2.84088169573806 3.46303509664722 0.790641044732183 3.70414593839087 13.0988212612361
4.40237941453233 0.967183174798265 4.10050266771577 4.77856255718507 21.4627795741863
0.284867819864303 2.8842855792027 4.55819497583434 2.73653647047468 3.93079926926272
4.08382058609277 0.990126030519605 0.300592014100403 1.30700152134523 18.3827728438596
2.01975370757282 1.14473205758259 2.15501158963889 2.45930457604118 6.20325971787341
0.186513559892774 4.71920043230057 2.79549941769801 4.83993084635586 5.71726603212556
3.02673130994663 1.04111528722569 1.86655284254812 2.54234855528921 11.3809502182755
2.70761186257005 3.18078382406384 4.52379566733725 0.29852316249162 11.4901345124906
0.973041069228202 2.68037548172288 2.9107587330509 3.25139158056118 5.03605312735159
4.11137273302302 0.333588616922498 1.08999768621288 3.10872463393025 18.192546020895
1.25320672872476 1.51202184730209 4.34866458643228 3.96112885558978 4.21400274844903
0.0894441874697804 0.835728880483657 1.27061401843093 4.18629428953864 2.00210426829586
4.6969188330695 4.5210525393486 0.815296703949571 1.92552703199908 27.6823152844559
3.30066233640537 1.00786657305434 3.5420156957116 3.40075829066336 13.1861130190963
2.24105202592909 3.74621478840709 2.79594295658171 0.641692691715434 9.79901061468216
3.87854355154559 4.13334808545187 4.1890344361309 4.19117176556028 20.4221438794308
1.13671780680306 1.23558079940267 1.58441267558374 1.45208313711919 3.37391054274224
1.75092433462851 3.94043656415306 3.6297511216253 4.91661923239008 8.18085439308704
4.73573801340535 2.34346423996612 3.06969354627654 1.80721842567436 25.7356920742422
4.87208443693817 1.90356919076294 1.83125730603933 1.78306121728383 26.8390066440367
4.95365065406077 0.47631841734983 3.42610361520201 2.51206450629979 26.1370844185268
1.37044752249494 3.67994156898931 0.706448232522234 0.34687255625613 6.81787603965691
0.255878538591787 1.28705346840434 4.96356157236733 1.56889392877929 2.13974816034478
1.41258012619801 3.61872039036825 0.985928484005854 2.70151752280071 6.35150765357148
0.957763853948563 2.64872180181555 0.422895303927362 2.60191569337621 4.54659064398437
2.70793623989448 0.128864874131978 0.419758562929928 4.04149402747862 8.04361523781518
2.31665795319714 4.89635027595796 1.94395137485117 1.84258626890369 11.1919192990699
3.10933452565223 1.25531051424332 3.29580688965507 3.10299431555904 11.6226382207552
3.03373693372123 1.80524198221974 0.490126389777288 2.9959676892031 12.0753534734717
1.96613506646827 1.55714095802978 1.23756555723958 1.29260329529643 6.25904493380715
0.28224314446561 4.18443898204714 4.28626078413799 0.940320829395205 5.34346116366639
3.20736100897193 3.23183415457606 2.94228383456357 3.27381775365211 14.3641486974113
2.24876354914159 0.000455901026725769 2.91032575536519 3.80922150565311 6.54117911997964
0.543363511096686 2.13957770145498 1.9862607284449 2.56454131216742 3.71787352131369
3.22771143983118 3.34844294935465 2.73627715418115 3.15246433019638 14.5292273174317
2.69768756115809 3.66298107896 0.807275647530332 4.87853412167169 11.9643820433563
1.19279240607284 4.52780162217095 3.41533907689154 1.45630383049138 7.17205559735775
1.76127664628439 3.41444905265234 3.17662175511941 4.11965260980651 7.4195691617709
3.50955549743958 1.76028718356974 1.67555678868666 3.95797090255655 15.1118425064447
4.92445009062067 0.372284584445879 2.50630558119155 0.630251801339909 25.6695998168677
4.64172460720874 2.9515485255979 0.940614801365882 1.50872159050778 25.6025304491881
0.923815811984241 1.72761182999238 4.09282503416762 3.65065292688087 3.99260455398929
0.552939714398235 2.48193802079186 0.394891729811206 3.16859782557003 3.5206909983416
0.965521325124428 3.63027081009932 4.24596037715673 2.00608141021803 5.41326280700213
2.95557567966171 2.47983033768833 1.40673194429837 3.5089253867045 12.4936519911355
3.39234021725133 2.33755503548309 2.50860657310113 1.28077619359829 14.8674737212265
0.375706014456227 1.68836413882673 4.7414297866635 1.02398935006931 2.73778581934605
4.65070281759836 3.05446459096856 4.8182843439281 0.181358641711995 25.6394088049613
4.44843374192715 1.98259201366454 0.989815244683996 0.497312174411491 23.4255191628071
2.80116980778985 2.03642212087288 1.17398116737604 2.23696132656187 10.9129657239412
0.131767751881853 4.84765240224078 0.960228582844138 2.20770991989411 5.68456881108745
2.34550896682777 0.081009065033868 2.81350102042779 3.2697031472344 6.63319466106174
4.09322980907746 1.41528198029846 2.26823681383394 3.85565163451247 19.4954519090965
3.62484176876023 2.56162586505525 2.78396778157912 4.32753404253162 16.2649360900387
1.56769542722031 3.95321998978034 4.96983302640729 1.50584973045625 7.5401822934516
2.80371611588635 1.95053528062999 0.313070371048525 1.60575820365921 10.864664215445
2.43080268148333 4.27928425255232 1.18599073612131 2.52511108410545 11.107806766823
3.07058620383032 2.38653870881535 2.78783885994926 2.19426109571941 12.9502973768017
3.49679127219133 3.94442101591267 1.03627686854452 1.38944263802841 17.1010654770004
4.38378162682056 4.69589267391711 4.8964248644188 1.93052991991863 24.7633984299566
3.60063248663209 2.85139158484526 3.1553812220227 4.40643264213577 16.8128305303365
4.8239111516159 0.266713886521757 1.17070724256337 3.71782965026796 24.3094164311826
0.839029382914305 4.04201561352238 0.520018372917548 1.82327800779603 5.45353002397424
4.09163711592555 1.27588052884676 0.888559154700488 0.930923946434632 19.1767764301033
0.131918548140675 2.72146412869915 4.43789774086326 4.2286846996285 3.25735558010409
3.02418883540668 3.7912584899459 3.58110016677529 4.74456422613002 13.751227652586
0.345350697170943 1.14921955624595 3.42430466669612 0.854534854879603 2.43779663703108
4.52393208746798 0.0292567862197757 0.361721573863178 3.74051354127005 21.3495748546937
2.817541268887 0.325352145591751 2.47555664973333 1.73073086421937 9.33355844066244
1.05120380409062 1.82054569711909 2.4306304694619 3.3384218334686 3.8837560625939
0.396878637839109 1.61489005666226 3.63576274481602 4.06118412734941 3.02320439751957
3.85391716612503 3.58068204135634 1.64092294755392 2.26163131301291 19.3400657718212
4.94335330324247 3.18984359153546 4.39713831641711 0.441848192131147 28.2836537966056
4.04898137436248 1.3646758638788 2.4001340707764 4.57136035314761 19.2431818755785
3.41806818614714 3.53128256741911 4.75671317079104 4.60556645295583 16.1597186688806
1.66488185408525 2.18337462283671 2.85540688666515 0.794987081317231 5.85187372442935
4.11100878496654 1.0143231775146 1.31864730268717 3.16012343508191 18.9933849964845
4.99522458645515 0.793025415623561 1.12438860931434 3.49147816188633 26.7218927707856
1.87611370929517 3.57083442155272 1.27996828523465 1.46251468337141 8.2170460603756
4.26899747923017 1.14426686777733 0.284386795246974 1.00958187365904 20.6389427207291
1.1174165958073 1.11655803513713 1.1140881117899 1.31172829307616 3.56083004243868
2.57013958645985 2.12460321024992 4.43337135831825 0.0161374174058437 9.78121580384671
2.65720793162473 3.45632385695353 0.808382137911394 0.0191888399422169 11.6315416142935
2.25051705026999 1.20099078281783 1.33844943251461 0.971719013759866 7.2821301278306
1.41358479158953 3.81551737198606 3.29943501390517 4.24982466152869 6.99152916949628
2.1409029501956 3.46703638439067 4.35312617337331 2.88886777707376 9.19007214542372
2.22500583389774 0.936763125937432 4.78199840756133 2.47170585906133 6.86870760329352
3.50764527800493 0.10276076500304 4.82251800829545 0.394136650720611 13.6015677195959
0.718817255692557 3.36862601456232 2.09350508870557 0.176229351200163 4.88953966450911
0.451900818152353 2.38553380710073 1.81738961488008 3.88360523036681 3.6330911958169
4.5055730547756 1.73022760543972 0.351013008039445 3.51114843739197 22.724933255385
3.67480019689538 3.03222624585032 2.92521152063273 1.96032282430679 17.0607810891024
2.68938105204143 2.51719830674119 1.42810182529502 2.07429175381549 10.7974036842084
3.83910445729271 4.98080787016079 3.34552574087866 1.08113391906954 20.881319610001
4.9783834349364 0.750422412529588 2.0193839201238 1.93940982222557 26.8021564539925
0.0181862688623369 0.572270164266229 4.37739082262851 3.08812184957787 1.58288553948374
2.43729816749692 3.21810232708231 0.45142128248699 0.687117091147229 10.3974475988313
2.29653815855272 0.59994591283612 4.37646099599078 0.691429743310437 6.92144554735775
3.95465067471378 3.16708970814943 4.47282062727027 0.430040238425136 19.7857171306074
2.69965608255006 2.74677106761374 2.43403857573867 2.54685407155193 10.3689713990838
0.506253807106987 0.963541805977002 3.43595623737201 0.905168518656865 2.50500066573441
0.361642559291795 4.4916664075572 0.576491644605994 2.788052567048 5.76400385832427
2.42823008215055 0.648619993589818 1.78755511180498 0.564167693955824 7.58065471766226
4.69098074710928 3.51235243026167 2.02365609467961 1.7085526837036 26.5193969532738
4.68686023144983 3.63535994431004 2.33591989031993 2.60787581792101 27.0135842290006
0.203988365828991 2.62199154356495 2.75120224338025 2.81733659561723 3.47538861033582
4.41148014040664 2.1256209386047 4.07090310123749 2.09430052549578 22.7316102423051
3.7435416970402 2.73418545722961 3.31580167170614 2.28906000847928 17.9832913869618
3.3534758980386 4.66425295337103 2.15753888594918 2.84768423414789 16.7533979390717
3.55195232084952 3.56736321584322 0.490687432466075 0.983555190032348 17.2750778136486
1.16725890780799 4.11658291588537 1.36526889749803 3.25549069442786 6.60226788521735
4.36766782426275 4.06442414852791 3.18473032792099 0.975539959035814 23.6477709038649
0.407105511985719 3.01933601615019 0.439844900975004 2.55948700476438 4.3559447516697
4.05508554191329 1.80251654237509 2.29697803268209 4.99046222539619 19.1199986448874
4.60473419516347 2.34257310279645 1.15265797474422 0.361311105079949 24.8207115836792
4.60190718644299 0.256517590023577 1.08966390718706 1.7902987904381 22.811870906153
1.35862205759622 1.29757808754221 4.57929812255315 0.25066556292586 4.282213602736
1.8900000944268 3.24767472455278 2.44056604336947 1.44092605565675 7.95618859727124
4.47330108261667 0.54865910904482 0.539985651848838 4.83425073558465 21.4346192829951
4.41328219138086 4.88014817936346 0.504459975054488 0.911348460940644 25.3672204082268
2.67651887843385 4.97510573128238 2.40956839406863 1.8856640078593 13.3406668411433
3.60611674375832 4.77997340029106 4.95584863005206 4.70534802996553 18.7014910835961
4.90781186148524 3.85591694270261 3.97997648455203 1.99964203056879 29.0046712048746
1.56115418183617 1.27840071101673 0.0105620268732309 3.68556490517221 4.74903496155337
3.89079726766795 2.0178994582966 1.04153549531475 2.80141790048219 18.2521879231442
4.16825483902358 0.203445956576616 1.09361039591022 0.687913049478084 18.5228182376177
1.94639935041778 1.42810853780247 4.6135806303937 2.48517362982966 6.26400744126506
1.78081529564224 4.87576213665307 4.72136671538465 0.600579167949036 9.09782961220836
3.02995785372332 1.66883779340424 2.6695109589491 3.77576256752945 11.6684895353585
4.95763549930416 0.689791473560035 2.05139848985709 3.04807877633721 25.837209410992
1.5372137457598 2.69695734255947 0.701677467441186 1.48178101051599 5.92379675753379
2.20934282173403 2.24528666120023 3.37031576200388 3.74706125818193 7.96017172746323
1.5160639421083 4.25650197430514 4.76910607540049 0.576274069026113 7.65433587192903
3.92678665579297 3.8692822388839 4.87176570459269 2.46073355083354 20.2748774629217
3.1111076741945 1.75908738514408 1.10618637059815 2.87564561120234 12.1597711817827
2.26620080997236 4.26662707817741 0.106561210704967 0.870745265856385 10.4995402583997
2.20567909651436 4.73122281138785 0.847419073106721 2.43665760266595 10.5960976450282
1.42553202342242 2.94804501114413 2.88080855971202 0.203643984859809 5.96115333718609
2.46747706201859 2.45612617116421 4.94296249584295 3.39717501308769 9.34080130741964
0.133122983388603 1.39522257493809 4.3612315680366 2.82341917743906 2.09260751432552
4.69465652597137 4.65914271771908 2.44835622143 4.79702415992506 27.6789444267476
1.34505632100627 3.46863725455478 4.16571680689231 4.3828174599912 6.15779164017589
3.75277142738923 1.33864748058841 2.36869966844097 0.650784154422581 16.3713822134081
3.29235139768571 4.52464336180128 0.462617675075307 2.69073917414062 16.1890092831477
2.8907906927634 3.20315905846655 3.61931487452239 2.25399669492617 12.7016206504345
2.87382772890851 2.72252952097915 3.63266048952937 0.127497789217159 11.9087785812214
2.63996615773067 2.89817129611038 4.78491840651259 3.15291550941765 11.0328102877824
4.8889224731829 3.41064847423695 1.9416467892006 0.392676308983937 28.1127417763012
4.49604251072742 1.7509276594501 2.54258174099959 4.56123669631779 23.5519141715574
1.79258025949821 4.4703391881194 2.12206097785383 0.677612673025578 8.96035181309072
4.87622351385653 2.20736433868296 4.55827984609641 1.72860045800917 26.7541972993762
0.544433303875849 3.14862280152738 4.72607896197587 4.70453910646029 4.56411232457257
3.16690799896605 0.712504975963384 1.30795770091936 1.09267433173954 11.4598946062464
0.747666166862473 1.90989189432003 3.87186089996248 3.3382579497993 3.36925181144562
2.77744828374125 1.84832187369466 2.69329332513735 1.4585508860182 10.7298414862323
2.32043061754666 3.4681837959215 1.26322148600593 1.09698170912452 9.94587308640193
1.19615971227176 0.713464054279029 0.240269271889701 3.61707400646992 2.98675701345672
0.699966528918594 2.89007098064758 4.69387128599919 4.7541187342722 4.30887669216008
0.973078329116106 0.473302538739517 1.77566633792594 4.78486126405187 2.32508765978326
0.538949650945142 0.490748157026246 0.505848125321791 2.82615964533761 1.87491529265655
1.88467656844296 1.9184098218102 2.446769264061 4.19197296490893 6.37309973289852
2.40868611261249 3.86901613324881 0.547340150224045 3.7584088370204 10.511460914358
1.63601034902968 0.860175873385742 2.98372308257967 3.52318999241106 4.86606999945779
2.87327523110434 0.814217599108815 4.44965530768968 2.62338783009909 9.82141156491827
4.78568956023082 3.56896728975698 2.26288595586084 4.77128391037695 27.5579159188669
2.21344430232421 2.73243122035637 1.6984729480464 3.97481315303594 8.32677839596296
3.15998547011986 2.42880060104653 1.29844106733799 2.89331997162662 13.6566775253722
2.35996872070245 2.33052138704807 2.0412233483512 2.96077669947408 9.08166948258968
1.8529773154296 4.33779837563634 0.495916919317096 2.00503293424845 8.88842267973583
1.64357930771075 3.41364460997283 4.99441795051098 3.08288310654461 6.98209768325121
1.94355124142021 2.91191594325937 4.93408287293278 4.19583811773919 7.41588433865163
0.47104436904192 0.576882698806003 0.205813022330403 2.54925508401357 1.91518241661589
3.98425962775946 0.324474904919043 3.56523903319612 0.463349715573713 16.9908958609046
2.45773638947867 4.17558311834 4.40734341042116 0.241527684265748 11.4791974501348
2.11004625773057 1.45174061064608 2.47719322680496 4.8507673596032 6.92761524821962
1.1069882940501 2.14217811124399 0.907927765510976 2.01893780962564 4.39915741275924
0.76082760700956 3.12262200051919 1.58047551638447 1.86814969289117 4.59476060274305
2.09218610078096 2.78261793428101 1.15077229565941 2.34992159879766 8.17585418853447
3.95564707345329 3.1265969586093 3.59522578306496 3.04414152167737 19.6772643044434
3.83112682960927 2.69046104047447 2.5544152141083 2.46052487753332 18.507355343141
4.94463410461321 0.59320226078853 3.67300684796646 2.96953772194684 26.3298404403925
4.37662737909704 1.15966061595827 1.31281462498009 3.54276728467084 21.1497977093222
1.98602403164841 3.74400248634629 4.80972341843881 4.13912242511287 8.45557894868395
4.06917410669848 4.94625636609271 2.97205266542733 3.91886042780243 22.6527816052373
0.244326558895409 1.90347305731848 4.277956597507 4.21595347579569 2.50955251803893
2.04939097515307 4.13969589048065 4.40422619576566 1.48225124343298 9.63968299070407
2.99341670237482 0.478427440393716 0.180985045153648 1.26515276031569 10.614277887075
3.74651620979421 2.33845765586011 0.152116296812892 3.55021591996774 17.1822677627315
0.680962478509173 2.39411421702243 2.20707627129741 1.32324725389481 3.99389565426848
1.71837050002068 0.475732556078583 3.47597581217997 3.52092086453922 4.65500881452837
0.606646917294711 3.14182018279098 4.57947631250136 1.64181867614388 4.66330308492512
1.38261871645227 3.24484176002443 4.50874812318943 4.1612806415651 6.08565799535255
1.583844255656 4.05031931237318 1.56313617015257 0.427560769021511 7.34145021544902
4.36621874920093 4.91096517303959 2.65925013576634 4.22801542561501 25.0555734839307
1.53260843246244 4.70048421178944 0.0612912082578987 4.78475194540806 8.09861877512705
1.9492226082366 4.87830873695202 3.3505353727378 1.24313466250896 9.44508909036304
0.787449005292729 3.28618010738865 3.93586786813103 3.19221262820065 4.98204171592876
4.84195865341462 2.27176120621152 0.978771501686424 1.46704510319978 26.7823012830111
0.448632942279801 4.16484996210784 2.30033081839792 3.34629314602353 5.62153003310719
2.6514227327425 1.66942806448787 0.804387530079111 4.56405441975221 10.036236319404
0.0188265286851674 1.88922706642188 0.524838424753398 4.10528209758922 3.21801255853841
3.12519071623683 1.88017324660905 4.33741159969941 2.68854973022826 12.7112672784524
0.962701047537848 3.14379839925095 4.35193995246664 2.15820092125796 5.18201482544882
4.63526438223198 2.45782350422814 4.95166362379678 0.389147700043395 24.9092518251053
2.86142175667919 4.80308831785806 1.78559774300084 4.85664040083066 14.1694684615503
2.82724768738262 4.16136136045679 3.22998013696633 1.71268676524051 13.3316784354303
2.64300524257123 0.587044274434447 1.63564617396332 0.279438383877277 8.32649167433235
1.00867960019968 1.05928751407191 4.66168012702838 4.80833917157724 3.30270294351635
0.805842550471425 2.95442770351656 3.20442644995637 2.3827212525066 4.39644440052327
1.63102406193502 2.55791938863695 1.41572730964981 0.195135733811185 6.11555377507458
0.414503462379798 0.669675808167085 2.96065206173807 1.65799357695505 1.55976826621253
0.214898310368881 0.119430186459795 2.12959432741627 3.1502109230496 1.15617918817377
4.09765530377626 3.47863612230867 0.973276571603492 2.03622158383951 21.3850761808931
2.74804791435599 2.49960516928695 3.82969651604071 3.98850028286688 11.4027221514373
3.46140002016909 4.95127668022178 0.66310832160525 3.04947700700723 18.0127698627736
2.93388365535066 0.384010199923068 0.0508956995327026 4.16335106245242 10.0956716526846
0.533323432318866 3.5927230771631 2.10364753962494 2.28017312358133 5.29321911905122
4.94718422647566 3.99072495056316 1.47436344996095 0.609784446423873 29.7305677920564
0.347402121406049 1.23148575541563 4.89714934607036 1.67011550860479 2.0794665889308
2.64304213342257 4.91525726742111 2.52980665187351 4.3411684082821 13.2172328811272
1.54808546765707 2.85387656418607 0.975033364957199 2.82222368405201 6.0411026735097
0.79459868837148 2.33236450934783 3.91962879220955 4.34978796518408 4.09773514770068
3.19004948018119 0.31907876720652 3.2002413761802 3.28305614413694 11.4990050647516
0.932126190746203 4.52040244359523 1.40971188200638 2.60456488700584 6.73204049405134
1.05106557602994 1.97209841106087 4.02322625741363 3.97200504783541 4.34119323130924
3.06242609862238 1.63059251382947 2.67060696613044 0.403766912641004 11.7277846111386
0.0609649938996881 0.883005278883502 2.73722542915493 0.422678717877716 1.84488497061672
4.67015656642616 4.22187442774884 3.28284549410455 0.624258298194036 27.0618857840717
1.93142305710353 3.43176162801683 3.93996689468622 2.8873744700104 7.96956168253895
4.5329011848662 0.497747998451814 1.24597843270749 1.97672609821893 21.9059749675397
0.69658161024563 4.55109109752811 4.89865292911418 0.806635516928509 5.89151744526688
4.04619097243994 3.63039280171506 0.20854861359112 2.6160029519815 21.0777996992008
4.72265420132317 0.253962012939155 2.16152223874815 3.64396367222071 23.5836897606029
1.96789009147324 4.46851353161037 0.897090698126704 0.724504858953878 9.27412292783125
2.23616179078817 4.8431435180828 0.242577743483707 2.56004048278555 11.0055065803507
0.0562197563704103 1.81056903908029 3.41821743408218 2.96341250883415 3.21429565482528
1.51032910915092 4.49794151703827 3.43541437759995 0.513791498960927 7.70450162677846
4.64506659889594 4.60381903685629 2.21686714678071 3.32973688025959 27.4239415307749
3.70713055715896 1.46309900679626 2.13343382580206 0.497383676702157 16.1809628477567
1.44184920238331 3.72474870528094 2.3747693374753 0.479274013778195 6.98178478236578
0.470523558324203 4.85351900453679 4.4671984098386 3.76935189240612 5.9606576339286
2.83193042501807 2.85569990752265 4.46446503512561 3.46944494755007 11.6998645688624
3.83102817111649 2.99424500670284 1.58883622614667 2.2890447662212 18.5462776875993
3.64585445146076 0.536571088014171 0.418116287328303 1.16919709835202 15.064685199666
3.91237292438745 0.666189087787643 3.04834772599861 3.49252797663212 17.0389977332667
3.66900644963607 4.772010903107 1.25558431842364 3.65521019673906 19.3864037665159
1.50892000296153 0.943356922362 4.00105463340878 0.332564550917596 3.98366135089012
0.472150327404961 3.06785454507917 3.96582799614407 3.41669576591812 4.32571102512426
3.46666291123256 3.50062229437754 1.43577944836579 1.20916471350938 16.7027502476211
3.44891917542554 1.61394450929947 3.72149412287399 1.09303267672658 14.5007474951541
0.538112594513223 4.04712870949879 1.25469268416055 2.76264896150678 5.70426999442398
2.73578431922942 3.31238551298156 1.90711465431377 3.79026416921988 11.846159197122
4.02754460345022 4.80787148931995 4.88285303348675 2.1736002212856 22.136976884063
0.328897949075326 1.68835851247422 3.60887643066235 4.03577147633769 3.06609193904951
3.95060155889951 1.44927280605771 1.01858938927762 3.31755880732089 18.2048400559604
2.85669576260261 4.08939741086215 4.19013220001943 4.33065630495548 13.0370329095739
4.45800920249894 4.82270258129574 2.89486474473961 4.7610780550167 25.9122402015367
0.116456495597959 0.49459247617051 2.04732640180737 4.95285234879702 1.1998047923171
2.31737211113796 2.25598443881609 1.6432104120031 4.06305804848671 8.76414275446055
4.90731106954627 0.106388883432373 3.49863075884059 0.830824337899685 25.2973398262036
3.65223512635566 0.795046780258417 2.3495954927057 2.82396852155216 15.0233546614012
0.26641117176041 1.62245906773023 4.73828167421743 3.93184955697507 2.72220349566221
1.02860817220062 4.77077197865583 1.872323701391 3.1633045966737 7.11834082276489
2.64329825062305 4.50350475148298 2.87151733296923 2.77153428993188 12.3003440694613
3.52930890279822 3.93282962380908 0.377548532560468 1.27312470809557 17.4890436308321
1.37439868878573 4.58318187389523 3.72869370505214 3.60245219431818 7.6838685031452
3.23705185670406 4.38512191409245 1.6748082882259 0.347442534985021 15.7837020739563
1.03871654020622 2.14790042024106 0.646838875254616 0.496070741210133 4.45480318309908
3.75564725138247 3.41844562906772 4.05790241085924 2.60207421495579 18.8627322844724
4.77616283111274 0.103249666281044 1.06515136663802 2.08581842831336 23.8763821940596
3.97232709801756 0.159772323677316 4.63082308764569 2.34990882221609 16.8715443238267
0.164207863854244 3.67859869962558 0.160729920025915 2.235984695144 4.85418913122965
1.02758182794787 2.57035879651085 2.40293550188653 4.07393580302596 4.66622354208567
2.37524941796437 1.52379803592339 2.71214370965026 4.06072561163455 8.0193937416047
1.06183865107596 1.02717474335805 1.71968154842034 0.0271397433243692 3.41234890683243
0.00425636768341064 1.20164527441375 0.575051135383546 3.22363912011497 2.16077127505382
3.34982191328891 1.51054781978019 3.47428379231133 0.250801549991593 13.6732191002544
4.58165080286562 1.25955906813033 3.867568008136 3.68659159168601 23.3910117071913
0.145058515481651 1.44861503737047 2.38064746838063 3.27612013206817 2.69679464222811
3.26180499047041 2.17329425853677 3.34854976390488 1.02919863536954 13.9571455758107
1.22603747993708 1.08484902884811 4.14285651640967 3.34754341165535 3.31533607977524
3.32743981271051 1.34657003800385 3.52172865765169 2.52610147930682 13.5585597268253
2.44945783866569 1.47404611459933 2.86064419778995 4.42229120060802 8.63454143352155
3.31031761597842 0.403491804609075 2.91732309502549 4.14811519440264 12.447383730899
0.601621153764427 0.615819279337302 2.62428247835487 1.54381305444986 1.90332024732476
0.21838718559593 4.79387634783052 0.37012642249465 1.37511614826508 5.9262027073499
0.977649259148166 4.44498364115134 1.77018050686456 4.73576520103961 6.40006223424092
0.955279977060854 4.47025120723993 1.74978688824922 0.564641099190339 6.1545612258677
0.590521487174556 2.18258150969632 3.40906001860276 2.12286052876152 3.63799666023703
0.886247644666582 4.46622940711677 1.51675854925998 2.23769213189371 6.11007428703696
1.32213402655907 4.78048540535383 0.138881877064705 1.26220853650011 7.36109682842398
3.60455570858903 1.13270741072483 0.639940641121939 3.39452740154229 14.7088068798868
0.569757443154231 2.64561190619133 3.45428023603745 2.51377417356707 3.99801130829613
1.0983242711518 2.44334878050722 4.93075645063072 1.8664334109053 4.66321220019461
2.23700457601808 0.183859172975644 0.456521708983928 1.38497255858965 6.47730404956104
1.90556878922507 4.77890855865553 0.57052421849221 0.0914000708144158 9.31214792477279
3.93250217777677 1.40288784750737 4.8360497946851 2.47851459891535 17.7005815061703
1.38104121899232 0.804125473368913 2.15815794072114 4.14388165227138 3.76528484728496
1.90069973119535 4.27536420640536 1.17850359063596 0.82826109486632 8.53281814646137
1.58127502421848 2.32175751705654 0.0292994664050639 3.4427527023945 6.12886637509145
3.22339072008617 4.95796327246353 4.56593453302048 0.547770883422345 16.8186203843714
4.16219884995371 3.00665572169237 1.42322308965959 1.62110666977242 21.1838441408229
0.482984175905585 0.003285170532763 2.72950422018766 2.74406300275587 1.53313283158303
1.53394474647939 2.03211548388936 4.50821251026355 3.38510253466666 5.16118861139811
3.78277190611698 1.32666917168535 0.725162295857444 0.227718534879386 16.5045921660115
3.43659658101387 4.6618639677763 0.323354147840291 0.437719124602154 17.5138267560469
3.1244492623955 0.0634659943170846 0.620201572310179 4.25513159134425 10.6048950844121
4.54516544356011 4.62804447859526 3.99690170539543 3.0683925782796 26.2441242335643
2.14876240934245 2.33631160808727 2.73681112099439 2.80321730999276 7.7710328220459
4.51578096370213 1.95027006557211 3.01852942095138 1.43946387572214 22.9439527955216
2.36368369194679 2.83856890629977 0.0327669247053564 1.11690869554877 9.50750688269469
3.69422577205114 1.08243806753308 0.685663236072287 4.07998597249389 15.4645614226098
4.54482389730401 1.92756211617962 0.967480352846906 4.22093948582187 23.6068064754166
2.86770549486391 2.85513144219294 4.2625428235624 0.233050950337201 12.2611252090005
1.63018923718482 2.82956219161861 3.37261718930677 2.66874194378033 6.31489396583034
4.26017455291003 3.29767887364142 1.26243299571797 4.33204381261021 22.4690146130404
0.934103871695697 3.86885300977156 2.47205031686462 3.59655900159851 5.7595597382819
4.39003236591816 4.98393885442056 1.77105399081483 0.262383555527776 25.5900696720588
1.45199470454827 1.31522632203996 4.78734846576117 0.347928145201877 4.37059321277354
4.58460016641766 4.24582858337089 4.29674886749126 0.576745810685679 26.2542384171758
1.57619255362079 0.855791682843119 1.79064134601504 4.69771402538754 4.28138115157651
0.0944621523376554 1.03843552060425 0.0625427113845944 0.26903482619673 1.87322332088569
2.60281236842275 1.47931480081752 4.54982015769929 1.57480979221873 9.08291680611949
1.80103755090386 2.7289009001106 4.19667405076325 4.0804570436012 6.88940881123677
0.845984488260001 2.85252907779068 1.43654402461834 1.27324209781364 4.83384792537964
3.59131308156066 2.98944881884381 4.28063239320181 3.12493868754245 16.7726180393064
1.72071970417164 2.89183097425848 3.5650659177918 0.743446773849428 6.97047233755401
0.459223832003772 1.5868640888948 3.95955650950782 2.18083846964873 2.87793005055699
3.81472564884461 1.62282342440449 4.93825540295802 1.43266495433636 17.6174645724835
0.426681280368939 0.018617776222527 4.19418465229683 1.54388452763669 0.967484382477522
2.66412853612565 2.21729654585943 3.74284910853021 2.82760347588919 9.94770619572285
3.67495494661853 0.476483341772109 1.47786371293478 1.02654580026865 14.5461815806499
2.41141140344553 1.87402998795733 4.5312029577326 2.48346767155454 8.83633562193193
4.98603709274903 3.90118862153031 0.42698162375018 2.66064236755483 29.7010006386427
1.71213991823606 0.0270424806512892 0.458795987069607 2.98650833196007 3.88660205612562
0.221925744554028 4.87320546759292 2.39846489857882 3.92114222049713 6.10281846125017
0.732007898623124 0.584062923444435 0.693257366074249 1.3165941205807 2.14958789395834
3.44858377706259 2.07770931068808 0.850403686054051 2.93849192326888 15.0070626680904
2.93025165563449 1.00476683932357 2.277014516294 1.22658789041452 10.5156055694888
3.31551792914979 0.629378720186651 2.75376814883202 1.44492569379508 12.6620268209573
2.55302435019985 3.29706999240443 4.94955090340227 1.59483682713471 11.0939370697911
2.90359280304983 2.56839422043413 2.0036621298641 0.3103647462558 12.0622859207274
0.0700082699768245 0.0642619386781007 0.677499596495181 4.01140290661715 1.10196897838192
2.91818650206551 0.392582392087206 4.08434046781622 4.28196254884824 9.93061378657056
0.482204989530146 2.26032994338311 4.34150206390768 3.44981231843121 3.63248874647239
0.319423308828846 2.95799887506291 2.27786461240612 2.609899219824 4.13557177182506
3.20346087333746 2.38890333217569 3.57428809627891 0.164004986872897 13.7501435380281
2.98493346082978 4.0453995752614 2.21325843711384 0.586557319620624 13.6951881246682
0.904608751880005 3.95232150098309 1.56527726561762 2.45301252463832 5.90611534919043
1.71558648115024 0.533812540816143 3.66643489222042 4.72695077070966 4.48152716161583
3.40544317383319 3.73061057063751 0.0404590205289423 2.58505309000611 16.2665914440802
1.72737757326104 2.9654393310193 3.10971600934863 4.56375387730077 6.75502856241314
4.32920701685362 2.85544572048821 3.0036721075885 2.64832536457106 22.859801624669
1.24071334837936 2.89541352191009 3.91316247289069 1.96220220066607 5.57038814494302
3.69996019871905 1.07112688827328 0.149070761399344 4.96117525501177 16.0010082561982
1.22966462047771 4.86239442485385 3.84895815746859 2.26229657302611 7.35801117501987
2.27632691385224 2.9225623246748 0.770617290399969 0.269644937943667 9.18631656744454
0.476223950972781 2.90544306160882 0.514847924932837 2.87369030411355 4.54883767698141
2.41551812156104 0.814577420242131 2.86342084640637 4.57927823765203 7.63707453021193
1.03954709367827 3.8525284465868 4.85292686615139 0.954260986763984 6.06014131297018
1.10838488675654 2.58336015162058 3.70688141207211 4.1811029065866 4.86214447521853
0.898606594419107 2.84003267530352 4.60842396947555 1.68687152559869 4.72981159577091
0.790966273052618 4.74107303074561 2.24714657058939 4.96213237755001 6.24148562546359
4.44940829649568 4.1878128645476 1.58797298558056 4.65939130983315 24.7544913046206
0.627759011695161 2.52631749724969 1.95868054288439 4.64181900839321 4.03530844636513
4.30447155376896 3.75253309379332 0.411815947154537 0.338729687500745 23.1188722845451
1.22348184231669 1.686107350979 4.19865828123875 4.65824125218205 4.19066898654147
1.08463200042024 0.952598118456081 3.26910671661608 3.5928644076921 3.10724260105785
1.23497233609669 1.25075772753917 4.00646842899732 2.19318071845919 3.54593043402105
0.819453111616895 4.65314907953143 2.28534304420464 3.10338601237163 5.99909016707381
1.87993102124892 0.794045634102076 3.89546209480613 2.77494543348439 5.24977561325878
0.490646498510614 3.12433778075501 1.07545353355817 2.69157626084052 4.34870632185461
4.82596820569597 2.23358911927789 3.90988348866813 4.88579658325762 26.4455298800815
1.27396978670731 0.954048365820199 3.25309355044737 0.0225184287410229 3.5714920898507
2.28819355135784 0.0616277894005179 3.27722295653075 2.26246037753299 6.31742751914656
3.01581527339295 0.0159420853015035 0.809860519366339 4.26206603064202 10.2030722134439
2.46156817069277 1.53343025362119 2.58818352944218 1.99695166782476 8.72597791069168
1.92888972815126 1.41887563746423 4.05771040008403 3.79872008925304 5.98221904061798
1.33943433174863 0.758683738531545 4.3266561278142 0.380722391419113 3.45431454324108
2.07686538575217 2.70115194492973 0.431437306106091 1.05996428872459 8.03314760489572
4.48284714948386 4.59913994884118 2.03394086798653 3.74377763946541 25.9343372762923
0.0595311645884067 3.1885839079041 1.47913106833585 3.37338188895956 4.09005458775727
4.99804332735948 4.35757440747693 2.77401032391936 4.49542709509842 30.5461723712996
0.48717976314947 1.45472185569815 0.361569195520133 1.65515019092709 2.52883736411551
3.30603815498762 3.5624239849858 2.8829010319896 4.48066841578111 15.4837367590688
3.10916820308194 2.41603879258037 1.81032685562968 2.86175452172756 13.2200392335926
1.95086242049001 4.54472511541098 0.654934591148049 1.83674836531281 9.22389427819161
3.30130031798035 1.05098120984621 3.69282455183566 4.09779374371283 12.7641082309751
2.1603309630882 4.00304829818197 2.6694949157536 0.955733527662233 9.55437034783496
3.14941018819809 0.975761191220954 1.63058692007326 2.81528888619505 12.1575787408253
0.0393917853944004 1.98515553493053 1.40109993750229 4.0249685337767 3.48685612996275
3.07362395455129 0.347513204906136 0.147590151755139 2.50804460141808 10.5389403038943
2.70489526214078 4.4628997030668 2.63615353265777 3.87817570008337 12.7738282274174
2.90730864740908 2.18797998735681 0.496873176889494 1.4464698440861 11.9146586148137
2.57690171478316 2.87961537134834 0.146233490668237 3.45190601306967 10.3412362971225
0.964449223829433 1.7935805185698 1.74129485967569 4.11918638274074 3.49668583052788
0.265972510678694 4.78971469216049 2.77660877327435 4.56907845684327 5.78275680875069
4.08818888827227 1.65698912809603 3.92599770333618 2.40258481353521 19.3627958874697
0.617284098407254 2.0143068919424 0.117454996798187 1.50394683354534 3.38080166333943
0.189301440259442 2.3763444845099 1.52107491041534 3.11654850142077 3.49893487890169
4.04829624225385 3.72662745299749 3.96646942710504 1.35081109241582 21.0487566581911
0.586332107195631 2.28930642129853 1.30798970232718 2.67386519117281 3.50155601368882
2.88192925509065 0.59545140597038 2.78571989503689 2.14544195914641 10.1112236242169
0.786160838324577 3.6780578980688 0.676902559353039 0.186289796838537 5.16427971440197
3.16384398378432 3.87929657124914 1.29511451930739 0.198555312817916 14.97441162094
4.09853838733397 1.74754228093661 2.40602669422515 4.68460184754804 19.3536447827457
2.67564893001691 2.83817600342445 1.9063732190989 0.48195987357758 10.9400323880037
3.84086480713449 4.72429151646793 1.76844325033017 3.07422108948231 20.4216013983139
4.50304920319468 1.06998955481686 3.5408229555469 3.61969946417958 22.2628054231158
1.37485152692534 2.81987524707802 3.98923591594212 4.9682336661499 5.79646613116923
3.97602007491514 3.72161067090929 4.81017461745068 4.22731552505866 20.6445704116512
1.95245585520752 1.96747130365111 3.13902105554007 4.36202743090689 6.9428952638138
3.37592666153796 3.59114648774266 4.70266149495728 3.51960511179641 16.3204244419613
4.28593494696543 0.739175793714821 0.943773097824305 0.0594426761381328 20.0293050460232
4.94580306229182 1.26289993640967 3.97531925700605 0.919181837234646 26.8262424340214
0.457072124117985 3.26040284475312 2.28348328033462 0.80348850460723 4.39024002780759
4.93116000201553 0.901699380483478 0.657694577239454 4.59284725016914 25.8150126278251
1.98926019249484 2.31679974589497 4.77487558731809 4.63192276074551 7.4552824344911
3.32156598917209 3.18298199912533 1.32529469090514 1.45722024957649 15.1462511330142
0.781056197592989 2.31352937174961 3.41468150960281 2.82036227174103 4.13967074203981
4.98937248135917 3.33760509034619 3.88494816259481 4.15874163154513 29.2268216561708
1.57812644029036 0.655728122219443 1.63017105660401 2.75804747710936 4.21397399179239
3.05317221209407 0.739188059233129 2.11469371337444 3.8458735763561 10.8864990972025
0.737355938181281 4.88014892791398 4.27969466545619 0.485052070580423 6.32960475961925
4.31500916951336 2.57400480215438 4.97281085699797 3.82222997839563 21.9310421432867
4.00129057699814 1.79244781611487 3.24904690729454 3.21827760199085 18.7206356398855
3.49000254529528 3.8358686119318 3.38693021796644 2.08911926602013 16.893667192312
2.60196489514783 1.99521145317703 4.75210349541157 3.29237422556616 9.54997791597613
3.42881595832296 4.87596793333068 2.82028268091381 0.72610083851032 17.7323512781777
4.60283518768847 2.96782680205069 0.294633951270953 4.39616124494933 25.3562791103546
4.00178977521136 2.41892663179897 1.87553924159147 0.438886727206409 19.548012722936
1.47632638690993 1.70633223489858 4.28362085483968 0.707291477592662 4.94847096728662
1.9843011314515 0.571122623514384 4.49531667516567 2.84983102232218 5.42157520599869
1.0353114712052 4.486053888686 2.90736734052189 3.32071808981709 6.45014512064044
3.35864360560663 3.10516756377183 2.31699475203641 2.65710412757471 15.4450481848663
2.47653467580676 4.34247837751172 2.52192090614699 0.938531281426549 11.6514383636035
2.81993590062484 1.65537929628044 0.959113080753013 4.74037851789035 10.9760848336807
4.23651759629138 3.19159485632554 1.81548833148554 2.98498783260584 22.2331554330584
1.2262989685405 3.09937182813883 2.64969119918533 4.17232046835124 5.90648852838963
1.55119725037366 3.758711226983 4.15578414220363 1.16863501491025 7.06730001171578
1.71913315076381 4.07903408748098 0.581239802995697 0.83145635551773 7.94957192235379
4.73325024941005 4.33865523897111 4.26623760606162 3.94739856943488 27.9132090274684
3.12292233807966 1.18714941083454 0.729316317010671 4.43862417945638 12.1222037396801
2.04377468675375 0.00525393639691174 3.88453265186399 1.82681083329953 4.89153050243765
1.27716517541558 1.89293607836589 0.44278267538175 3.30833575688303 4.39674437243955
4.41280884551816 2.29390015709214 3.85959423147142 3.5739018896129 22.7365795659195
2.80607756227255 0.285315086366609 0.741482269950211 4.69369439873844 9.1964511888987
2.72681436385028 0.477055709343404 4.07569927861914 1.95013810996898 8.84703167038459
2.54361759521998 0.295049477135763 0.923108457354829 3.88148615136743 7.74295560245555
3.66874554078095 3.29301037709229 0.724386216606945 3.34324441500939 17.5619849808239
2.64093175763264 4.63056174572557 4.41459441557527 1.91050544148311 12.4555945505911
2.88717429386452 1.76642409758642 3.89153084601276 3.21065570926294 11.0586015268189
3.72969345538877 2.6434030092787 1.27402919577435 1.14391841110773 17.3229363753741
1.78022083477117 3.39026624220423 2.81796234659851 0.0129384989850223 7.8028510259933
4.67725823051296 1.36202549329028 1.39713295851834 3.98332030163147 24.5731184656766
2.65851362491958 1.44961109035648 2.252974845469 0.607179957441986 9.39588581736921
3.62179167801514 4.49997140909545 3.09476855094545 1.02093287045136 18.6514354573219
3.5230734187644 0.778367797611281 0.598524694796652 0.653991504805163 14.4082076345748
0.302663393085822 3.04429482901469 0.205700350925326 0.0329169258475304 3.75454689222885
0.501252779504284 3.60847944859415 2.13590361294337 2.27594255353324 4.86412220675747
4.62981590302661 4.80164695880376 1.80206832941622 4.16424521128647 27.2990521100188
0.488287033513188 2.69584706518799 2.61404650518671 0.271743327612057 4.19281819534333
0.444890029029921 2.89157145307399 0.288995088776574 3.34372471203096 3.89704382401675
4.77215324761346 1.79682528250851 3.56297839782201 4.82835852890275 25.7686973846845
2.23442170885392 1.48300785105675 1.96391693549231 0.659682299010456 7.5334886779175
4.68034290475771 3.43935142620467 4.70409994130023 0.63868164550513 26.4615972669584
4.14154011872597 3.36759690893814 2.28603583294898 0.260691551957279 21.8795104435196
0.300788254244253 3.32682395237498 4.29646127391607 0.824929608497769 4.5909270083145
1.21398114599288 0.0710075371898711 0.360624002059922 3.21845114114694 2.52981775968866
3.99186978698708 2.42552703246474 2.78482241672464 1.77766552078538 19.6250036627546
3.5004315036349 1.95407544495538 0.157994912005961 1.73335741506889 15.2548419372819
0.126414268743247 0.0867884780745953 4.21471597161144 1.70508760842495 1.23855322530371
3.37369118817151 0.830727861030027 4.04233804903924 0.328638670034707 13.0771260719537
1.848260628758 3.15192248439416 4.31004543439485 3.84841277496889 7.50363516982509
4.15918247774243 3.77019725972787 0.415563959395513 1.15836823126301 21.6790200083857
1.42028639558703 2.15270170476288 1.10264443675987 3.19277820177376 5.02405542593296
0.255881530465558 4.6680522384122 1.20063860435039 0.445303453598171 6.05838895101404
3.74950302997604 0.409578817198053 4.00871238787659 0.00264433794654906 15.6078831719707
3.61602213699371 2.9177015949972 2.00756609905511 3.91831758548506 17.3276497481115
2.82753519597463 3.3829925081227 3.71963503304869 2.53036182024516 12.0508715443725
1.42255317652598 0.156662178924307 4.67160304426216 2.93948921607807 2.98307208454228
2.62037116801366 3.10673560365103 3.64725253428333 2.24286289187148 10.9884562087318
2.00016547110863 1.50149430497549 1.88217085204087 3.63516512908973 6.32979815134878
0.912592113018036 4.92024169652723 4.60269573493861 1.18018117151223 6.89553407610496
4.18841607286595 3.5458785307128 4.27963051944971 0.141348986653611 21.9677029762073
0.859670920763165 3.93846142571419 4.36354505829513 1.18611326441169 6.01051618148175
1.71130791655742 4.70507244695909 2.10291474009864 1.66990990401246 8.91142315726531
2.33569253818132 1.28138616331853 3.88578337617218 1.15037461393513 7.71345888983926
0.854966164333746 2.52050281851552 0.871107997372746 4.51535341562703 4.49465759102596
0.800106229726225 3.7800039711874 1.34090276085772 4.17447353363968 5.28113064737757
2.94627529685386 2.0950252271723 1.78583603468724 1.40499390428886 11.9277352990475
1.4854768384248 1.88420539023355 4.53208444872871 3.30801137257367 5.12799193299616
2.66435781028122 1.0465897328686 2.06664283177815 4.8912881151773 9.29643112064944
1.69680535327643 3.18852413096465 4.33151464210823 3.27751186676323 7.12887007745224
1.93179469089955 2.91086592129432 4.94668591534719 1.59540424938314 7.42848005024332
4.28753898944706 0.173837583279237 0.160523547092453 4.23050182289444 19.5265900920963
1.86584445065819 1.98977153864689 3.21702672401443 0.710351205198094 6.51762434849828
1.7708960652817 4.2615284898784 0.917492074659094 2.12154134409502 8.4351957636929
0.966641902923584 2.12385723018087 3.64704915671609 0.279398746788502 4.12879873638558
2.91303222184069 2.98010304220952 0.55019733379595 4.71997054526582 12.1129888799481
4.02830113074742 3.42552441288717 0.257685562828556 3.53959511499852 20.6621560630891
3.39896092074923 4.42998246173374 2.6916149945464 0.168759803054854 16.818622365936
2.21559769823216 1.68582612997852 4.32446365011856 2.53683160990477 7.73202556512303
1.46801798953675 4.13745119003579 2.77296128217131 0.446319254115224 7.35824125822664
4.37155433581211 0.465338167268783 1.31025740760379 0.974353412166238 20.341952497851
1.12486985861324 3.18835701793432 2.66044929157943 2.15624469099566 5.47834174413037
