"X1" "X2" "X3" "X4" "y"
0.710222027264535 4.74807645892724 1.92888624616899 2.12999476934783 6.5109382825602
4.34360025683418 1.49505757028237 4.24445552751422 3.15876355278306 4.57278354397954
4.92044227081351 3.79882361507043 4.67523505911231 2.75035257218406 6.86011971143944
1.33634839206934 3.04065609001555 2.46596344048157 4.06540204188786 5.09237888538886
1.98551220819354 0.238935361849144 1.15861407248303 2.04186697374098 2.44585063952742
2.7557949279435 2.17164671630599 4.27127639879473 4.41513060941361 4.73944135268879
1.19041955564171 3.43430353794247 4.79087338433601 0.679360840003937 5.773269048141
4.33899523341097 3.87797542847693 2.78671030886471 2.15891477884725 7.20929150109895
0.948201502906159 4.0166516858153 2.65492519247346 3.37781289708801 6.29383299009733
2.86075071664527 4.44039769237861 1.61878259386867 4.48242232087068 7.0936392579522
0.945691058877856 1.2953661789652 2.81445325585082 0.448495915625244 3.39698131431311
0.999912605620921 1.03054845472798 0.519725553458557 4.62615973432548 3.31507242973905
4.6719403588213 4.81619123020209 4.38537672162056 1.05495480704121 7.79749375435218
4.84102315502241 1.12120185047388 3.05414899485186 2.18383279396221 4.17630598046895
3.68853173684329 3.44923317315988 3.49891638034023 0.599726993823424 6.14238770194835
1.20171202928759 4.96716976049356 1.60595146240667 3.19412926328368 7.18389281779468
3.28430703608319 2.47806652449071 2.33436450478621 2.82792933518067 5.01670132470511
4.0053748479113 0.55463331984356 1.47453646059148 0.137147200293839 3.42759183851231
0.26923974044621 1.68169007520191 2.63555616955273 4.47368298191577 3.21473339462204
3.08850457658991 1.18325388641097 2.39207088714465 2.85214124480262 3.89582226222839
2.30042461073026 1.44551893230528 0.751958679175004 1.80536125670187 3.58566417797102
0.984551806468517 2.0826255902648 0.218744928715751 1.22628018260002 4.15186845470218
4.10832507768646 1.16344844573177 3.13434625510126 2.9914521065075 3.85246391813393
0.967244992498308 0.0978477858006954 1.311187754618 3.45345893758349 2.04966148886347
2.15337814763188 2.00423205969855 2.36940339673311 1.96845019352622 4.39611209302069
3.96309356437996 0.880559952929616 3.38556335656904 3.0690738838166 4.12587674182341
4.55953381489962 4.01154512772337 1.23735675122589 4.41370385349728 7.07141717382497
2.66955954022706 4.12005370832048 3.74718111124821 4.61103935609572 6.72747325506906
3.26246344484389 0.213126643793657 1.54368052375503 1.93393053836189 2.81045595811297
0.358093449613079 4.05946826329455 1.45650243619457 1.37949973344803 5.37662275655724
0.750745600089431 4.37704201438464 3.60921911662444 1.54318380053155 6.34807092907595
3.72638152097352 4.94469735538587 3.59069124097005 1.69093472533859 7.90159119917039
2.72935044020414 4.85285343136638 4.64470834122039 4.49984683655202 7.41303721160086
0.0613028393127024 3.76990397577174 0.574837869498879 3.60184147255495 4.93220004860946
1.4856419339776 1.95711508626118 0.893403710797429 4.04627058189362 4.00524330820166
2.11500060395338 3.22496763779782 4.20587013592012 4.00690851267427 5.58155225112231
2.0499923278112 1.42461474286392 2.44185334653594 4.94413507170975 4.08259231729429
1.15540599799715 0.981288430048153 2.05643815454096 3.19140350213274 2.7012325950707
1.05849792249501 2.37195720197633 0.0523037137463689 2.58745691156946 4.66617108185408
2.67113634385169 3.97801265818998 2.54246420110576 3.84883825434372 6.73416084213008
0.146426270948723 0.0102980132214725 4.99526920728385 0.080589628778398 1.1018526264016
0.155538072576746 0.280362067278475 0.243598404340446 0.0408285995945334 1.80387117364168
0.339337460463867 4.05727248056792 3.83215654175729 2.66879461356439 5.74950319897926
4.51473273453303 2.91802533902228 1.43827803665772 0.529820898082107 5.78411298521462
2.3342484049499 4.04688845854253 2.09501693723723 2.37756159505807 6.79737624487907
3.51550585590303 0.214005826273933 0.341492691077292 2.09815613809042 3.10176455575967
4.22511536395177 1.08999556163326 2.24604862974957 2.90347876027226 4.08136850809496
3.44475041492842 1.03014930617064 4.36355833779089 3.39136332506314 3.75529968462412
0.617209129268304 4.01484508183785 2.94414316420443 0.196886990452185 5.68341805048191
2.34060065587983 0.151755250990391 2.48078125412576 3.04290707223117 2.61816432997884
2.44251572177745 4.77921608951874 0.846323589794338 0.665406520711258 7.39582271790513
0.249649353791028 2.91955910855904 1.18858880014159 0.562600727425888 4.13490845821762
3.06305158534087 4.66899249469861 0.159577751765028 1.95744932861999 7.35222143515096
0.508090764051303 1.43446523463354 1.59859113395214 3.49507559440099 3.17965547045573
4.71276080585085 3.49680260638706 0.658866885351017 0.0606712559238076 6.67536419207347
2.65415817964822 1.63342809537426 2.57250552531332 3.28677317360416 4.04030770495976
3.77926132758148 3.98035397636704 0.991096493089572 2.8236349823419 7.05068726056388
1.82902866974473 3.71247377479449 4.74876678315923 2.23069727187976 6.15561885662683
0.897221072809771 0.49263316206634 2.38699973444454 3.33843209664337 2.59731886289001
2.37621175590903 1.9746260123793 0.955228654202074 4.13837803527713 4.60127989011795
3.12787156668492 4.20191191136837 0.671715051867068 4.5138907188084 6.90143983632417
2.64949797303416 2.65951914829202 4.65858001145534 2.57536907447502 5.16386489467488
2.07339286454953 2.53575263428502 4.55228447215632 0.51060076453723 4.95125640524072
4.54974016291089 0.811154949478805 2.71050667972304 3.93235067022033 3.65276721626453
3.93341770977713 1.21111123939045 4.76130988798104 2.65154585707933 4.44988398739242
2.75843556853943 3.96865527494811 4.70377191202715 4.35619908152148 6.73909485373159
2.67562989029102 0.734167187474668 2.31200860580429 4.45970565429889 3.64770467653921
3.78004003548995 1.16882538888603 2.20990461297333 4.42791370558552 4.03407039219648
2.09009333979338 1.56177092459984 1.42717095208354 0.637438506819308 4.18702555485099
3.14387691090815 0.611788097303361 2.9745818534866 3.71383814723231 3.33403343994654
3.70353878708556 4.21215487876907 2.95015831943601 2.32319501810707 6.99021214835239
2.63741360977292 3.1614168791566 2.26335141225718 2.11935639148578 5.9003439850596
2.01272482518107 3.62712509231642 0.963511324953288 3.05881338426843 5.87592777832074
2.03213328495622 1.10822499031201 4.12196227000095 0.421611038036644 3.73414580989951
0.57691631722264 2.62505297665484 3.24755964102224 0.496632173890248 4.67041973643154
2.80905833700672 0.679998808773234 4.31804790860042 2.58496219990775 3.32771791470332
0.2137617894914 4.82025276403874 1.72432744759135 2.89639858994633 6.17699515850548
0.901743326103315 1.39030499616638 3.22342676343396 4.24144929973409 3.48193219957287
1.38314292184077 3.61174555378966 2.60358129045926 3.08674667496234 6.07890849536487
1.72197690815665 3.51616165367886 0.158637452404946 1.59087215433829 6.11222751035045
4.46402577101253 2.66347077791579 3.04245593724772 3.19537504692562 5.90198550785416
1.890510879457 0.379235241562128 1.82492331136018 1.30123055889271 2.88448525049716
3.73948344145902 3.1435535941273 0.563895601080731 3.64909492083825 5.78493065412737
0.597504216711968 2.8515944222454 1.96302378317341 1.05154608492739 4.3862862084894
4.77876872289926 0.794632886536419 1.30702335503884 4.69852162292227 4.06514527498268
1.81121007655747 3.46675320644863 3.79892538767308 0.458213838282973 5.62529760128349
0.688590180361643 0.229127160273492 0.0027900654822588 0.189045130973682 1.74072051106102
0.253690645331517 0.0290930818300694 1.17916514747776 0.873459432041273 1.88104810863996
1.90401393221691 0.187488101655617 2.40829356131144 4.91433854913339 2.67064681701383
2.25882202736102 3.79760497948155 3.00936887622811 2.12707144441083 6.01418446914129
4.60180077003315 3.56364743201993 3.92163357697427 0.131557679269463 6.44406920864358
4.00388497742824 4.39967487938702 2.80523462686688 3.18361730314791 7.18008761646948
2.13516789255664 0.388761943904683 4.22588579589501 4.36273870174773 2.76609706921342
2.45594167034142 3.16399230388924 4.19978991965763 4.53014381811954 5.80592495740997
0.342465791618451 1.81708259042352 0.521511659026146 0.918261175975204 3.48867481857338
2.78140014503151 3.28712624148466 0.82177868229337 3.26143411337398 6.02062087476636
4.77078977040946 2.2780117939692 2.27174212806858 0.596049757441506 5.56719787732583
4.63213780429214 3.64015771192499 1.45082280738279 4.90208431845531 6.87778530374508
2.33267774689011 1.14219341543503 1.17381160031073 1.46076847682707 4.03523245961835
4.32435229653493 1.66437032516114 0.671398241538554 0.458983227144927 4.34671261595512
3.70728696812876 4.63732660515234 1.99265150236897 4.83415441121906 7.3437454834383
4.14682309492491 1.65601467480883 4.35435408493504 0.623833974823356 5.03666606249069
3.58410374261439 0.717840427532792 1.90574845648371 0.291515897260979 3.43387079409232
4.0810762043111 0.459173312410712 4.52271050773561 4.4693972915411 3.40379945601647
1.24374615843408 0.309182587079704 4.50978820212185 2.93843573890626 2.5951786111601
4.3679690908175 3.81150695262477 2.00856856652535 3.21381605812348 6.55718443701431
0.670371659798548 0.591744750272483 0.694317107554525 0.382542187580839 2.29218928491345
3.43690232140943 4.075966674136 1.72308046021499 3.82640861324035 6.86875831802563
1.2467846670188 3.0858442094177 1.82955271797255 4.32561033172533 5.67242178504683
2.61208261479624 1.77258089068346 1.82730797678232 2.25379247101955 4.15620811030022
2.21986022079363 3.86455954867415 2.97061408986337 3.23829757748172 6.60616605180175
0.176910178270191 4.66600145446137 4.75402261945419 1.87869842164218 5.95503870920462
2.63910391251557 2.62900579953566 4.51378683676012 1.43531044246629 5.46081186947479
0.189250812400132 0.37480149185285 3.6349932779558 0.959861879236996 1.98602614448992
0.0683900527656078 1.97552774450742 1.37598469969817 1.87199119129218 3.12896432274276
4.04158826218918 1.20167147135362 0.960026991087943 0.0358683557715267 4.72455389136115
0.680780983529985 0.956469825468957 1.39270083745942 1.74768349272199 2.58451499534033
1.1772456986364 4.54861099133268 4.97094061691314 4.92573884665035 6.93583767200725
0.0503609504085034 1.20270756538957 2.51613460597582 0.277435909956694 2.50403332022555
0.536467906786129 2.55821380065754 3.51627666968852 4.05071456800215 4.10125553264416
2.78327152715065 4.11276050726883 2.30582030490041 1.95078152115457 6.60841562512382
1.40508860116825 3.15525542013347 1.83535640011542 0.661371846217662 5.30599911139163
0.131128911161795 1.61651191185229 1.03134043049067 0.76273903134279 2.80714809499049
1.14222207572311 2.99617992946878 0.861700860550627 4.9634435493499 5.01771025162363
4.97767119784839 2.96837614616379 4.84857934876345 3.60927843954414 6.29933815793189
4.56538963480853 1.58593404572457 0.321500085992739 1.72767568845302 4.38295908931339
1.27199250040576 3.62097119679675 4.0012482937891 1.83264726423658 5.81757841195562
4.3428823153954 0.421301427995786 4.15000097011216 2.89185566012748 3.48311716122526
3.66522983880714 1.49165153503418 0.0957382866181433 3.78766564535908 4.27074547866918
4.04096575337462 4.95264796423726 3.37471294566058 1.95288739865646 8.43215646163337
4.14518522913568 2.94238941511139 4.83492414234206 2.08204068243504 6.20977743893714
2.16775373439305 2.19876604154706 1.65707231266424 4.43006959743798 4.5844019309689
1.60531882080249 1.2296713644173 3.95152517477982 1.22591863037087 3.6938963467078
4.84589849133044 2.22727356012911 3.69381866068579 4.65405149385333 5.40829999053361
0.338771501556039 1.42236518790014 4.23369564348832 1.36112174834125 3.30201415450359
2.31986703118309 0.418915257323533 1.38606350403279 0.947589924326167 2.82410726926838
2.63439186266623 0.153294545598328 4.52945790369995 1.68188752024435 2.72610751229405
0.995392224285752 0.861803777515888 3.29134846222587 1.25374587252736 3.21230901187282
2.89242484257556 4.28964672610164 1.61940930061974 4.76376432226971 7.05496394036729
1.96891641593538 4.61442743777297 0.0566033972427249 3.82226811023429 6.91546612142461
3.48310797126032 1.12293191370554 1.99754961184226 1.29661096609198 3.53842255846533
3.248537897598 0.830634682206437 4.93351850658655 0.258780355798081 3.48884330805293
1.46477257134393 1.26739893923514 1.7726140038576 0.143524986924604 3.48212423655691
0.362214253982529 3.5420280508697 3.55223658843897 3.28200603369623 5.29226272234637
0.881182890152559 2.16080288751982 3.66302315262146 1.79332860163413 4.1577010583609
3.81683517014608 0.820222243200988 1.56948490883224 4.9450874933973 3.82747958533681
0.809915037825704 1.78212299128063 3.11722835176624 1.48041318985634 3.552505197059
4.3083776650019 1.00963010219857 0.518634864129126 2.10397807415575 4.11899149596416
3.37736393557861 2.92230769759044 1.47081857430749 0.163729203632101 5.85980735029554
0.0292420329060405 1.79342488176189 2.77145577827469 3.57329368009232 3.02846944738608
2.15621624374762 2.76769629213959 2.90752694359981 2.76035736314952 5.48303813937636
4.18277817079797 1.70008703134954 0.0872292066924274 3.45809050952084 4.59508779209029
0.397954066284001 4.14739051018842 3.62428196240216 2.2630456474144 5.79499471769946
0.228577704401687 0.188371321419254 0.907546898815781 1.18516408954747 1.99896017325644
2.07831086823717 3.3111217757687 4.45931223570369 0.388522067805752 5.92842752585524
3.26718752156012 3.79809148376808 1.23591661686078 3.43324443791062 6.70162721493337
4.47303609573282 1.46005972637795 1.61069474881515 0.760544597869739 4.93049761723473
0.889621461974457 2.81131856492721 3.12687995028682 0.932801114395261 4.71462877291011
3.8505542522762 3.02456979872659 0.369116865331307 1.59512578975409 5.99097641390255
4.53655326855369 3.20730514475144 3.43585468712263 3.82496870006435 6.34466540124964
1.35554210282862 0.665877012070268 3.71074989438057 4.37902190489694 2.72451431000483
1.05968492338434 4.82035455177538 3.66191441193223 2.28842155542225 6.74594265900379
0.217486461624503 2.61181232403032 3.09237861540169 2.19606148428284 4.12684222002536
1.29705341532826 3.49192963796668 0.133539439411834 4.22886990010738 5.58249793636869
3.00386303337291 2.37909778836183 4.55932264099829 3.83079168619588 5.11526724030765
3.5665863705799 3.01976404036395 4.3715109990444 4.01124059455469 5.87265412301844
2.82977253431454 2.76070350781083 1.86247250181623 1.12053041462786 5.38454572067458
3.00417174468748 1.90189341432415 2.7292162028607 2.97603893792257 4.60735030817393
3.2508029404562 1.89467980875634 1.74648591550067 0.0281354144681245 5.02957076262537
3.90017743804492 3.45161110861227 4.2193042289 0.34931048983708 6.28346465370831
4.45360927726142 4.79101745062508 1.0416879109107 2.03241227311082 8.15422669779111
0.359754771925509 1.94110452546738 2.13121932116337 2.42772905156016 3.50758574986229
4.65520302415825 2.56694001145661 0.789083504350856 3.6605134094134 5.36966367009551
1.76658662152477 2.73375130607747 3.51434399839491 3.00336474087089 5.07522990904871
4.74020274821669 1.64825283456594 1.14724883227609 3.62435276503675 4.91430060189615
0.217217388562858 0.931930114747956 4.17126210872084 3.94985297811218 2.50727542629126
1.10287853749469 2.82759228022769 0.843236279906705 0.682675180723891 4.87489732950458
1.13088752841577 1.4967894658912 1.11279378994368 4.88331441651098 3.56698617051545
1.44674264942296 4.9506545602344 3.95232660346664 2.75759274489246 7.2311330125014
2.21616428927518 4.09001681488007 3.63090432598256 0.48559173126705 6.58013333845152
1.15179088083096 2.36003494821489 3.33576007164083 4.3027914466802 4.32425529043642
0.332539427326992 0.348769080592319 0.0140185654163361 0.145412833662704 1.94087955042458
1.31497522583231 3.12431770958938 4.13524105097167 2.8218886826653 5.43506447767212
4.45965522550978 3.60281413653865 2.53699118387885 4.85980046098121 6.78549037069378
2.40168091724627 2.11617551161908 3.94304771558382 2.10440986440517 4.46394616164933
3.40726361377165 0.0522151181939989 3.35563372587785 3.49051484838128 2.58906328356392
4.74888665718026 2.24246000987478 1.00795478094369 0.13453985680826 5.32276534926897
2.11605372023769 4.21258393558674 0.12411029310897 1.09815055504441 6.88362667459595
1.87833637930453 0.609689838020131 0.393215701915324 0.330095563549548 2.90163650840494
3.02587387035601 4.02796762180515 1.59821285516955 1.45113303558901 6.88328599692975
2.46585244894959 1.11946547287516 0.346920224837959 4.37100972980261 4.05631042255556
1.53502940665931 0.126351381186396 2.73638821323402 1.57437787973322 2.2520778121463
4.69397940440103 3.33788682008162 2.2193499468267 2.10910933907144 6.4371110150261
2.44957546121441 1.18558454676531 4.83845654525794 3.30794768407941 3.42759205305888
1.02818608866073 1.7748822493013 1.72924395767041 2.00267646927387 3.90236443151269
4.5718969439622 2.46391028631479 0.812076795846224 0.513991452753544 5.22795214500831
1.79517523385584 3.36275442852639 4.27911893930286 2.67396654584445 5.78037322695691
1.017010435462 3.72089988086373 2.30447060777806 2.27438950794749 5.98409460810564
3.98354720207863 1.75867267651483 2.75899666710757 1.53702314244583 4.84173796410898
3.00428661517799 0.836232877336442 3.28470550244674 4.44872885127552 3.24331053581881
2.14521344401874 2.73249690770172 3.37355839088559 1.58397072809748 5.49591343855769
0.420506563968956 1.09019376104698 1.35426966939121 3.41278958250768 2.86694443067026
4.64089864632115 1.85356457834132 0.0918098830152303 4.4894651719369 5.324641014195
2.08206370356493 4.19818204594776 3.26253204839304 2.28132249321789 6.11409349425743
1.34835132630542 3.07696251780726 3.48943596007302 0.0356773717794567 5.16495758114412
4.58444466465153 1.90355114173144 3.71900595724583 4.04161492246203 4.55121204563259
0.374491538386792 2.73685586987995 4.39686832833104 4.9841412936803 4.47952941853845
4.82879376388155 0.83518314640969 2.5641426932998 0.385936895618215 4.26881685904326
1.69562481227331 4.85705964150839 4.53368811286055 4.62050221394747 7.15599360719044
4.62878896971233 2.57850457797758 2.57664191187359 2.62475859955885 5.90749357228291
4.22191484714858 0.31013784231618 4.60345253814012 4.34105178108439 3.24942790941939
1.77040020469576 0.0934554182458669 2.40227443515323 3.44619170180522 2.04024775976525
0.194137757644057 3.87897980748676 3.84827728499658 4.27635731059127 5.27316691761107
1.52049685129896 4.44287959486246 3.42569541069679 2.79874477651902 6.77306589064895
3.48710533464327 3.00885885255411 1.53843151638284 0.66594310104847 5.87070358947935
3.91691484954208 4.75746124633588 1.67836632579565 3.00194567069411 7.77383746583009
2.68792178947479 3.07235137675889 1.12211743369699 2.7118297922425 5.86976798002681
0.0208120886236429 1.59671009518206 1.00846705492586 1.93487217416987 2.74658380045045
0.441623667720705 1.28296991693787 0.815102179767564 3.16865549539216 3.02299397581666
0.775633422890678 3.49817730020732 2.2399557416793 0.0175088993273675 5.4650558144853
3.52807347429916 2.0977314573247 0.133643166627735 1.92577433539554 5.17992914272308
1.28704378032126 3.27673090505414 0.409915045602247 2.44475962244906 5.6161186376195
0.220210228580981 0.514902608701959 4.12322825286537 1.79419858846813 2.15259813633248
4.03408566489816 0.350697092944756 1.95454223896377 3.48383337724954 3.49133310048597
0.327572571113706 4.50946063385345 1.60979167441837 1.77718814229593 6.01539169423828
3.0637756944634 4.63608726393431 0.0660553004126996 1.83687271550298 7.32401525719436
1.97974267881364 4.37710520462133 1.62914420012385 0.991729610832408 7.20868627207329
0.480606136843562 3.81524527212605 1.56187086715363 0.629344042390585 5.38212118448888
3.03958565578796 1.03987170266919 4.18220738880336 0.349934124387801 3.70003951047815
3.18735382054001 0.879697772907093 4.43983838893473 0.332867847755551 3.64001469201776
1.98542105150409 2.48618374112993 2.31361055630259 3.98057405487634 4.38354161121419
4.91356778074987 0.791422334732488 2.19440511311404 0.503537728218362 3.79899893069672
1.36860415455885 1.02747346158139 3.78022665623575 1.96857593487948 3.01261322664185
2.34297516057268 2.52675978001207 2.67267387593165 4.65231616515666 5.09471115165014
1.89826975110918 2.85595907364041 4.5546855952125 4.59713486605324 5.10923503964671
4.96078483294696 3.2814423693344 2.76214191340841 2.62482456397265 6.97075531632727
2.52336396020837 4.681737490464 2.1750152122695 4.33220894890837 7.20616993580051
1.61421483848244 0.420717528322712 2.8421541757416 2.27158732595854 2.7222336039155
2.47785745305009 2.97372883069329 1.1350548255723 0.239990425761789 5.64167479454716
2.40001394762658 0.737931489711627 0.0011322577483952 0.457696493249387 3.03203970832322
0.942042242968455 3.47500934149139 3.1126247276552 4.89757377654314 5.29768489172347
0.295698064146563 1.25777858542278 4.58864621934481 0.200441614724696 2.82420920378801
1.05848776758648 2.92482595541514 3.90040032332763 2.99476392101496 5.04980692157075
2.97061837161891 1.90146304783411 4.5568147872109 0.149754420854151 4.6716190158865
0.864132710266858 1.3554226513952 3.99252123897895 4.62449115002528 3.07298361675696
3.45730879809707 4.10691779456101 1.92552428459749 2.34948149882257 6.97544498506031
3.27111753402278 2.24478869466111 1.06715266127139 2.44392554508522 4.93833562864128
1.14865990588441 1.11899259267375 1.92484655301087 1.62328087259084 2.95148156914048
1.12915084930137 2.91137187392451 1.18397384067066 4.93264021119103 5.12012436364637
0.984391054371372 2.32559870346449 4.61398718878627 1.89456546213478 4.25606950138439
3.11522744479589 2.67161811934784 1.79098223568872 2.83403820591047 5.25147873836173
1.27577439765446 2.42769120610319 2.57840941660106 2.8439644316677 4.51119285978435
1.93637671531178 1.01758561097085 2.95558457495645 2.74411310441792 3.67065970108544
1.87373062246479 0.606565234484151 3.96657794364728 4.83298839069903 3.27815848661743
4.1823530185502 1.84567065909505 0.682232192484662 3.00758781959303 5.08379160007296
2.28626861120574 2.65245930058882 4.60103226243518 3.27312397304922 5.31709342682383
3.16766655421816 4.25954045727849 4.04035033774562 2.64007453923114 7.02615377424525
3.81384194013663 1.83381663286127 0.983991395914927 0.195692143170163 4.74204388300959
1.63726946455427 1.54724079067819 4.19082601787522 2.95510744093917 3.75096944094929
1.16898203850724 3.45744061283767 2.185999751091 2.35439401119947 5.43559352971149
3.20636372896843 1.44236687105149 0.918048219755292 4.10617560264654 4.51558545942351
0.325332840438932 2.8647023672238 1.34597431053407 3.5912627459038 4.39299344817956
3.66894103703089 4.00485629914328 2.24828012986109 4.99372729798779 7.05078433271827
3.14309392590076 3.49780365941115 0.656199033837765 4.13130110246129 6.29169095881789
1.1885369673837 4.76326971780509 1.36255093384534 4.6650910563767 6.73595050510772
2.70272050634958 0.635372437536716 4.39985142322257 2.48699083458632 3.29264064157167
3.6887718399521 0.403120620176196 0.833591284463182 4.95204535312951 3.22141207065168
0.0868601549882442 3.25118253706023 2.22221769741736 0.660157332895324 4.34567942333874
3.59730410040356 0.601417804136872 0.939792090794072 0.760898927692324 3.70361487115807
0.505713012535125 3.40887923724949 1.19912497117184 3.47839733120054 5.16281594060329
4.52256571501493 1.53519465238787 4.75526366732083 2.25099298870191 4.63598180037756
0.575776746263728 0.982825919054449 2.08801020984538 0.530257123755291 2.48405900373437
3.23959129513241 2.29437454487197 2.61775482678786 4.31913810665719 5.10087152607219
1.90086357295513 0.292526126140729 1.52550261933357 0.647977793123573 2.78504969471489
2.87726248032413 4.77708281949162 4.84533905400895 2.45912580518052 7.31938340977078
3.92015839694068 2.76854080846533 0.326220639981329 4.62650005007163 5.73453749661588
3.56315062963404 0.186502243159339 0.720563631039113 0.111750807845965 3.4543002356983
3.37212642189115 2.58644102024846 1.21277643018402 4.60673068417236 5.55720094906126
0.853843274526298 0.573020917363465 0.997585685690865 2.70661850343458 2.47058997180578
0.439403468044475 2.41108699468896 3.52568857837468 2.80398237402551 4.12280574682602
3.48164299852215 2.33142609475181 4.83675098279491 1.76407169434242 5.51044338987268
3.57200303114951 1.45874486188404 4.17432121001184 2.29764166520908 4.16822037145573
1.29476116737351 0.687313450034708 1.26949225435965 2.98884240561165 3.20461622492127
1.12028348259628 1.50644127745181 3.5847564751748 1.88350868411362 3.3782746560035
2.34538232791238 2.7467131218873 2.54013746627606 0.844553746283054 5.83791628593393
4.34882191941142 2.46232064557262 1.64917450398207 3.34199614007957 5.45254218544781
3.23406817391515 3.81911675678566 1.94556913105771 0.643383698770776 6.3235024651482
1.29533696803264 1.55907149077393 4.86421236186288 4.63010432664305 3.88545733868011
0.24109851452522 2.60413193143904 4.84114159247838 2.36179229337722 4.17812784884805
0.744011378847063 4.34441311052069 2.40938701666892 4.80441833031364 6.24328464897297
0.555259203538299 4.44545470643789 3.73636982752942 2.12456014589407 6.40904238819401
1.03661104803905 1.89871216425672 1.84501956100576 3.74172333278693 4.07326867766512
3.13418395351619 4.85729319625534 2.50948948552832 4.3336726538837 7.50396958077979
0.547530609183013 3.6678830825258 2.48469836893491 0.708400312578306 5.32076591985619
1.1143991490826 2.50973499962129 0.244819330982864 4.54200420062989 4.57295549843394
1.70875280047767 2.80570393893868 1.34173546917737 4.64865957852453 5.10396047779061
2.19871965236962 2.09127459209412 3.30277184257284 4.69054730609059 4.61918565311034
2.28264037519693 1.75353426719084 1.70199609361589 0.603847623569891 4.3282689711933
3.89550264342688 3.96059229155071 3.25365677126683 0.419449580367655 6.93646518239542
1.1593434587121 1.54946287046187 4.38768142019399 2.26854721200652 3.59943857969086
3.45628490438685 4.65358147979714 4.90701439557597 2.53054383443668 7.3044042339713
2.21511298557743 0.834724602755159 3.07806792668998 3.70604771538638 3.42952163230377
3.57514040893875 2.13406448252499 3.55299991089851 3.36600234499201 4.74622758344432
4.41695523797534 0.0498909945599735 2.48020692612045 3.79255281295627 3.35544089329307
1.99836366111413 1.4756166737061 1.34311737609096 1.44801322603598 3.93556478858914
0.256534429499879 1.80643594940193 1.01847736048512 0.876045764889568 3.23260294470282
1.86834432068281 3.67149914964102 0.466344497399405 0.11056893854402 6.1932806694241
2.35056349541992 3.01234191050753 1.73137694364414 4.9747099459637 5.67647096324815
0.74931480223313 2.32258087722585 0.87078369455412 1.19963048142381 4.53735260593426
0.271087023429573 4.38465872779489 4.87737525021657 1.95876136538573 5.77096609810311
0.838872474851087 4.77991927298717 4.72403147025034 0.954874170711264 7.20430842522002
3.81933939526789 1.12589038792066 4.22964679892175 3.0203685478773 3.81287463960894
0.672411628765985 3.18177830893546 0.609606631333008 2.93298551812768 5.43077593491838
1.53362622368149 4.34712326619774 0.766842444427311 4.22077959985472 7.04210899822619
2.22214917070232 2.32483458006755 4.71628606901504 3.01363997743465 4.90650933133696
2.05064874258824 4.28154978086241 3.92165521625429 0.560875900555402 6.63062746425612
4.79800020111725 1.48860976332799 1.98239258606918 0.459403491113335 4.39151956964339
1.41857981099747 1.15461513167247 3.61477607977577 2.49121977947652 3.19542035974537
2.30601498391479 3.69681104784831 4.59850018145517 3.61900913878344 6.46650542588174
4.75833968957886 1.26604278106242 3.00177505123429 0.680765244178474 4.44480661307829
1.17526116548106 0.361847096355632 4.50972555438057 0.974047754425555 2.52698706829186
0.848295832984149 4.98496655840427 0.452710285317153 3.28294424223714 7.05346612667433
3.97974230465479 0.286773120751604 3.37158628273755 0.741813619388267 3.48997971213648
2.93904684949666 4.26372114568949 2.44754129787907 4.79272905387916 6.86239529227638
1.63421273464337 1.48790228995495 3.66401661653072 0.519395195879042 3.58575817710285
0.91210326179862 4.49878166546114 1.91079769167118 3.05571776814759 6.37627793516443
2.25498709827662 3.88450601138175 0.543826057109982 2.58256061235443 6.43626029648068
4.24549111747183 3.79497520043515 3.84230623836629 4.93561812792905 6.69861392258801
3.15778952674009 2.48659910517745 3.15208544954658 2.18984493869357 5.28628767142652
1.97655711788684 1.70972723979503 0.76052216347307 2.47698391438462 4.10163534002241
2.30021649622358 2.26780500728637 3.36363581707701 0.291204537497833 5.05301354973349
0.623845607042313 0.783437518402934 3.26058262959123 2.83112181350589 2.50128748059122
3.55477947858162 1.56335313105956 1.99696369003505 4.9490889441222 4.43653051224575
0.427189192268997 3.39243851485662 1.98853796697222 1.89918098505586 5.13001680542737
4.75158652290702 3.74069349723868 4.03479678090662 4.72614816739224 7.11576025170589
1.93990780389868 1.54438812984154 3.06464819819666 2.8141029085964 4.03023855064444
4.60520294145681 4.93702393490821 2.25793493445963 1.49515795288607 8.14205984384714
3.12255527824163 3.50823953282088 3.70220253593288 3.35599897080101 6.56423363260637
2.18327477923594 3.22121687349863 4.18591936700977 1.4366071857512 5.44331556401378
1.17518619284965 1.30937641952187 3.47819304093719 4.12684952723794 3.34483699730767
0.53781662019901 0.942773100687191 1.97292548255064 0.750498946290463 2.79346992434572
3.91918553621508 0.335319443838671 4.56007115659304 1.84784775250591 3.26991422621982
4.94999504182488 0.436163898557425 1.66232618503273 0.633756201714277 3.6534361249086
2.73268734687008 1.85066897072829 0.214385802391917 0.115299065364525 5.05227856354807
1.23796984902583 1.27567059127614 2.87119075772353 0.754922032356262 3.21698598501625
3.99006279185414 4.26849643932655 2.44162858929485 3.96712572663091 7.21149860480968
1.12017242820002 0.0180074258241802 4.86080716480501 3.38260488351807 2.12547171131733
3.1041138805449 3.5899114550557 1.06184611911885 2.32133561279625 6.72048435484997
0.681581035023555 1.55332753784023 3.52396744885482 2.56331684882753 3.29804590013431
3.84075528243557 0.740053013432771 0.712069006403908 0.642451201565564 3.63000136994844
4.74383791326545 2.46019474463537 1.28295326372609 1.35187179781497 5.69268787667069
3.01800339366309 0.868632111232728 2.43319178232923 2.14430073043332 3.91942826574197
1.8804086826276 1.45603450364433 3.08232242590748 3.83866470889188 3.83290352720263
1.33771573659033 3.80974774598144 4.20543187530711 4.10614662570879 6.30087947711103
4.86511262832209 4.85925018438138 1.79589915904216 2.27059279102832 8.01731061201049
3.34423940978013 0.627157586859539 0.967975717503577 1.40635517658666 3.70346284403788
4.33711644262075 1.13239319296554 0.0266634591389447 2.12206371827051 4.44342623910768
1.01126746856607 2.30066738207825 2.61689360020682 0.877961884252727 4.05224009437815
3.13633708981797 2.64749500434846 0.490226417314261 3.13961370498873 5.49372034443878
2.09370936849155 3.79588213865645 1.95849695708603 1.78955796523951 6.4804473549005
3.2590189774055 0.932412971742451 2.83896166482009 2.72983937640674 3.52343499834145
4.31609812425449 0.799669575644657 0.686240197392181 3.69943689322099 3.9258733024959
4.44586308440194 2.74195276317187 0.993777939584106 3.75483804149553 5.506140710912
2.2500373760704 4.79202726855874 0.397616425761953 2.69786733901128 7.35782031581508
2.83171568647958 3.99586081504822 1.72638702671975 4.65241644647904 6.60631041960643
4.36275677289814 2.66662414651364 3.59317585011013 2.01576026622206 6.03354697893518
2.44239232852124 2.32376197353005 3.04338873946108 0.127936768112704 4.95927632716723
1.44161756616086 1.18457314791158 2.01350614079274 0.221709070028737 3.36598431460006
3.44603008008562 2.79724932392128 0.780954920919612 0.811597370775416 5.73013806665545
3.10030486434698 3.16208915202878 1.88652184442617 2.97729561687447 5.6578719166832
1.43202872364782 4.56653211382218 1.76589584909379 4.33446892653592 6.44074150000873
4.62766017299145 4.17951245442964 4.09720922238193 2.08090378902853 7.43036850317817
4.18662086711265 0.820491730701178 1.50720396079123 3.48593315808102 3.7871007084085
1.18104457273148 2.61141981114633 4.54007597290911 1.82275948463939 4.63561895196293
0.388130268547684 1.26947468030266 4.89956060075201 0.653796920087188 2.98871698876928
0.386302841361612 0.0641310296487063 4.01093814172782 3.31485613482073 2.00205084292952
2.34328046673909 2.91521440260112 0.653261858969927 4.23023503739387 5.50803048430577
0.447379919933155 4.84253256814554 2.11717831785791 3.15213013673201 6.46456177218396
0.266130496747792 4.55121663631871 0.160036312881857 4.04965755995363 5.81079582235253
1.988897776464 4.11247360985726 3.97446096525528 4.40220227581449 6.66091725950442
3.23631108738482 2.44881555903703 4.06174308154732 1.58568232203834 5.12498575537312
4.30400156765245 3.32974597928114 4.12879715790041 1.08820381807163 6.28572155454756
1.75871550804004 0.251033328240737 0.390305441105738 4.83559644781053 2.61396016651101
3.04056119872257 0.488594304770231 4.69891409273259 0.0787133071571589 3.08015455214509
4.4343634613324 0.305058525409549 1.15902912570164 2.81348151154816 3.22013770033875
4.37260034494102 4.24330821027979 0.348264932399616 4.93407605565153 7.0636839385262
3.85712510324083 2.7083850314375 0.991915268823504 0.761884234379977 5.60314973672313
0.547498433152214 2.88673171540722 3.0242918827571 3.95473023061641 4.55776604673449
2.16830038232729 2.25072711706161 4.57052733167075 1.00913564558141 4.9046567622524
3.41848726151511 4.60826580994762 1.17190271965228 2.76784166344441 7.39533861057158
0.322388086933643 2.8909649013076 2.21316814422607 3.06738925981335 4.36674276830945
1.74797158571891 3.2800053851679 3.24082281207666 3.33429797785357 5.51663168900133
2.39613272249699 4.01450220262632 0.867816758109257 3.67539428640157 6.44747234506356
1.59463644376956 4.7996729623992 1.32393727079034 2.25515479338355 7.49763728878582
1.08002897934057 1.73810430802405 1.14958202815615 0.616071413969621 3.82826224736797
2.09047413547523 1.30308611900546 2.02260631602257 0.267177997156978 3.51252526600303
4.22758139087819 2.83633995102718 1.41924728523009 0.890110362088308 5.78298126119048
3.92029309645295 3.92653127899393 1.35298048960976 3.50193018792197 6.89897283474334
4.78275601402856 3.56385768041946 1.00945717305876 4.17282899026759 6.88596030281952
2.91335237212479 1.75282206269912 2.54334326949902 0.0185236614197493 4.28238930543942
2.26603668997996 1.13610807340592 2.35273047350347 0.207325095543638 3.64487943514615
2.18099393765442 1.21622499893419 0.35421516164206 3.3202786417678 3.48112272272179
0.0364922813605517 2.65682759927586 3.28553279861808 1.39326477888972 3.66008567098856
2.71494975313544 0.722181738819927 0.796650674892589 0.167405514512211 3.20480734424742
0.729017177363858 3.74395010760054 3.43168678344227 2.12382399709895 5.24992741972605
4.31251452188008 1.49112143670209 0.822046560933813 4.4744621659629 4.45026445989416
4.61180368787609 3.96582309505902 1.73652155441232 3.89822816941887 7.22688445920627
3.683859546436 4.25202915794216 2.39652429241687 1.38106168597005 6.94189564047373
3.0489686736837 4.40700459876098 4.23471244634129 0.0577788357622921 7.18913157958887
3.32288495963439 3.21233427152038 2.36544561106712 3.10839003999718 5.65024552112112
0.269566619535908 2.85735398065299 1.58459655591287 0.488800565944985 4.45194819936269
1.36685680132359 2.87353557418101 0.157682807184756 0.507589610060677 4.73748893065838
4.11406804341823 4.01345640188083 0.489822895033285 3.17376541672274 6.99358100677621
0.0498012104071677 2.14138929732144 2.79644078109413 0.205134114949033 3.44367313713777
1.27498280024156 4.59413961623795 1.62165677873418 4.89711135160178 6.69510504177602
0.193210120778531 4.56911788089201 4.46572880377062 3.1528381514363 6.04633744596764
4.33580484241247 3.99468763149343 4.58223155816086 2.69229943747632 7.46763714464494
3.05761982104741 0.523549442877993 3.24272746569477 3.13176939031109 3.34418898884198
3.42283505015075 4.24645409337245 1.37062477995642 3.76406580442563 7.14510676718557
2.18204651377164 0.368927697418258 0.256613666424528 0.739960140781477 3.10650053766627
4.45208128774539 2.9925524443388 1.02837309474126 0.895312160719186 6.02334532283227
0.92309950850904 0.326652401126921 0.230286750011146 1.04452695581131 2.18521039147578
1.34662872063927 0.121054006740451 1.61423981189728 4.27853417932056 2.18293743967707
2.11546223494224 4.2123935779091 1.22165733482689 4.96205125236884 6.64612486836993
3.67642866214737 4.48477603727952 0.345079075777903 3.78917483612895 7.34056323925245
3.10951838735491 1.82857452775352 1.85349193052389 4.68239198788069 4.62841699597668
0.358793287305161 0.0367827678564936 3.42587460414506 1.86005865456536 1.44509992825935
1.24671589001082 0.597633069846779 2.8384928451851 2.41558134905063 2.76256599849595
4.46999010979198 2.72070943377912 1.08664392610081 0.752036165213212 5.99488040854309
2.97517310362309 1.61737634800375 0.902095185592771 2.21885874168947 4.50496794371235
2.81240900978446 2.25046651670709 3.54847656795755 1.74090775195509 5.04675710225078
2.18645417247899 4.74534592824057 4.29674549144693 4.35288718086667 7.3096239454042
1.41549787600525 2.4173084308859 2.94819550123066 2.57563018705696 4.62183088238923
4.57349437754601 4.82393039739691 0.205715756164864 4.57416874822229 8.00174395779839
3.33376207272522 3.9622243004851 4.63797709904611 1.9462187984027 6.75728458578959
1.2905279523693 1.6395108262077 3.3627391140908 1.04052743525244 3.80780034440398
0.734723937930539 2.63469902914949 2.16729487292469 1.81250289664604 4.45364433555744
2.58030545548536 1.4916043356061 2.71219506976195 0.238239056197926 4.06323232326852
3.69080843403935 2.19615700887516 0.414758262922987 0.383669517468661 4.95066263890779
4.5309509022627 1.68860333738849 3.67397030699067 0.655791129684076 4.94827157613334
1.66531195631251 0.128942874725908 1.74091120483354 4.95582111761905 2.60848602997708
0.159598854370415 2.5081577221863 2.45771845220588 3.63372611813247 3.78386138026326
1.06575506622903 3.42070588609204 4.34367923298851 3.37622368359007 5.65235822042892
0.898926845984533 3.28731742221862 2.2357911337167 2.20334149664268 5.45933929807191
1.3460692379158 0.472142581129447 4.57190325367264 4.53056749887764 2.84215018524971
3.31949161365628 0.570534947328269 1.76664107013494 0.62758197193034 3.08391987942741
0.469346938189119 4.74999189260416 2.78458819724619 0.554084598552436 6.30066025093449
1.62062284187414 0.375428020488471 1.31044353125617 0.86483386810869 3.12972636597811
1.66196210426278 3.29001764650457 2.25991600658745 1.58262309618294 5.58099033804146
1.2995210045483 3.01002445048653 3.20854553370737 3.97608193918131 5.23821555197712
3.77102567697875 4.14433243917301 0.993660693056881 2.10406776866876 6.96448654553509
3.74786984059028 3.52417898364365 3.42079934198409 2.59389673592523 6.5804723810624
3.76545645296574 4.89513315842487 1.69284489704296 0.151473716832697 7.69699678274582
2.20338968327269 2.29229572811164 0.603893192019314 0.175192960305139 4.90632523433228
1.97793019004166 1.1720998515375 0.973055842332542 1.69219446368515 3.51603647481208
3.69710305822082 0.0587133236695081 2.47252699104138 4.32916595018469 2.96692187296233
2.61067736893892 0.736186897847801 2.29493007413112 0.904316420201212 3.43715890004235
1.80890494841151 3.45827738870867 1.19637271505781 4.12096226238646 6.09191244105238
3.02852732944302 3.12591883004643 2.89592180401087 1.02176430518739 6.00310027130999
0.44241638854146 1.96313723106869 0.916665601544082 3.18246693350375 3.72903011722742
2.66405601520091 1.3098816818092 0.490034819813445 2.45038701337762 3.7773077480286
4.35763894231059 0.0351484573911875 0.220985291525722 2.77363003930077 2.96014277771005
2.22060764906928 4.72110780072398 3.09325057081878 3.28490157262422 7.39641365217045
0.737596512772143 4.20883331098594 2.47997147962451 4.63472695671953 6.14961000583025
0.759023511782289 0.500723381992429 3.22206956683658 4.79591607348993 2.5960058783578
2.77659915620461 0.821045816410333 0.789196551777422 4.87102345679887 2.99197106707947
4.29884205455892 1.90707932575606 2.75711585651152 1.35855962289497 5.03972476004867
4.2845478374511 0.603859730763361 2.53381326794624 1.95024946238846 3.36446346463458
4.33736629085615 0.0995373632758856 2.36028441111557 2.20757232629694 2.87757068089188
3.39835315244272 4.40190089284442 1.95010864990763 4.56664248835295 7.11596264669804
3.59810278867371 0.472408682107925 3.14888474531472 3.17400406347588 3.293100892139
4.20503188157454 0.961328581906855 3.10422602226026 4.90886969608255 4.07234582079814
2.50512889237143 0.625669682631269 0.962133359862491 2.23211120232008 3.37828637533107
1.04965830221772 0.643130503594875 4.26183548523113 1.88511438434944 2.72334899943847
3.66413156152703 4.37645314610563 1.5186478884425 4.39884189749137 7.13030410530097
2.60722145088948 3.65965657867491 0.43391352170147 1.48842947091907 6.217178894039
1.56772066024132 0.525553572224453 3.84837660938501 4.05484269489534 2.87730179473965
1.79321717936546 3.62399951554835 1.56631988589652 2.81504376092926 5.90904126128342
1.51519570499659 3.71870261151344 1.90835942514241 4.30144779849797 6.00243329490879
3.81785625591874 0.493726145941764 3.12999338959344 2.70587811013684 3.33576685647348
4.12489890819415 1.62902107462287 3.73209172394127 0.347134203184396 4.51682509881636
1.25843551475555 0.405678752576932 3.96541331429034 3.6102410312742 2.75153796164458
4.82229075394571 4.00749550084583 3.22335520409979 2.72718543070368 7.61498609178075
4.95880580274388 1.48569258162752 0.976902835536748 3.33175440784544 4.62734237236683
2.94735685572959 1.47169435978867 2.95313371228985 1.43476723809727 4.06839936010446
4.94885084102862 4.83692040317692 0.582485829945654 0.3631658537779 7.7485912369605
2.87663721712306 2.32132201897912 2.12848858791403 2.77084881905466 5.02249304852006
1.59501527203247 0.289678587578237 0.559721075696871 2.13269407278858 2.86803737880076
3.06560060591437 1.35614182683639 2.81262984033674 0.813132573384792 4.23217458211562
1.7079865699634 3.33257971447892 1.33081209030934 4.17236368637532 5.63598409929857
0.231652702204883 0.336775369942188 2.43026106501929 0.702673330670223 1.83025575427176
0.10049466509372 1.15372061147355 4.731165622361 0.942283316981047 2.60931893748511
2.30573987937532 2.96316677355208 0.271357716992497 3.22799745830707 5.33639950387729
2.94082577340305 4.79053332004696 0.34356018062681 4.1425660229288 7.0718909676382
4.45539622334763 2.23557756282389 2.05142916878685 4.15491945692338 5.37706543577118
2.41944877896458 0.816152510233223 1.04451319901273 4.64328865054995 3.42678626836248
3.7258429301437 2.54210349638015 0.269544260809198 1.85565100051463 5.64439084735034
1.13857506890781 1.71684178523719 4.53592071775347 2.51165255322121 3.61815357448912
2.97643792349845 4.40107341739349 2.68700422369875 0.858473199186847 6.99572122831771
0.0360727892257273 0.909617207944393 0.0289363041520119 1.47573483758606 1.90749465771989
1.21851515606977 2.14494623360224 3.5588751162868 3.70696107507683 4.16779799345406
3.78275817260146 1.08706961502321 0.463210471207276 1.09822228900157 3.92668370065227
2.77459423057735 2.9925659368746 1.36199910659343 1.52538763708435 6.05868806927925
0.486229920061305 2.65463366522454 3.69460199144669 1.30710772704333 4.50340812029103
0.14728928101249 3.7791165499948 4.37861788203008 4.38680776860565 5.39328217603644
3.39922216022387 0.521284403512254 4.55135109368712 3.7998369417619 3.28819542454649
4.38330060220324 4.95343633694574 0.537779864389449 4.98991295695305 8.30265948054645
1.09419053071178 3.73757817433216 4.21576719963923 0.621258490718901 5.81867281592487
3.54710159241222 2.84817898762412 3.74283430399373 1.8626277660951 5.36131949936021
1.56939566601068 0.796118904836476 4.44830064778216 2.81847913051024 3.0547136831312
0.359562217490748 4.1437608061824 4.80757053242996 0.439095183974132 5.44966684497357
2.76032780297101 4.1361335106194 3.11324507812969 2.27572326664813 6.62701462624666
3.89722731313668 3.68510687258095 4.05705596785992 1.3022638449911 6.80718641386884
3.33123640390113 2.53629476181231 4.9982733791694 2.56338266539387 5.24090627059497
4.65865033795126 1.52401511440985 3.72192531591281 1.35542129864916 4.54455782104526
3.86246912763454 3.80060563562438 4.71721995272674 1.49876423995011 6.76998103150963
2.58444507257082 3.52150612627156 2.19006032450125 4.78595265303738 6.38350303916145
0.199853476369753 4.28530896431766 2.04048260115087 0.286623215069994 5.68198387247711
1.94586036144756 1.79618796915747 2.2253966704011 1.3700068986509 3.84523655820356
0.0927475898060948 0.209973914315924 0.128336509224027 1.12376336357556 1.63361491601131
0.283997941296548 3.75863350112922 2.32763188192621 2.79727665474638 5.03137459321962
2.27590076625347 0.886197581421584 1.54940306325443 4.61987561779097 3.89194536439108
2.32650700840168 1.84605512302369 3.92555004451424 1.65169973741286 4.73588136441725
1.18667715229094 1.38813489349559 0.380604462698102 2.17019703355618 3.51705942022373
0.022899272153154 3.43336751917377 3.3416702109389 1.23216160805896 4.96473898344538
2.06031958223321 0.0415006070397794 4.713909055572 2.06219673389569 2.66060904153528
2.72083401679993 3.98050881572999 4.33000615099445 1.81660071830265 6.05813235552515
0.0550888082943857 0.424013016745448 4.2499315016903 1.58342442591675 1.97392030822586
3.7691842939239 1.22511140652932 4.28074464784004 4.50352272600867 4.23306591158427
3.240795788588 1.66828164947219 0.115620706928894 3.5045481484849 4.29046159647269
3.78540193894878 2.60172151611187 3.93400850589387 2.7307464974001 5.49037532678543
0.91045210021548 0.726046306081116 0.321093598613515 2.65526417526416 2.58568335744526
1.17666732985526 4.50785815133713 3.91004981705919 1.86500773299485 6.91903608910904
3.72847663587891 1.34826219757088 0.00832234276458621 4.07720964867622 4.39374423252238
3.6443700583186 3.42668104101904 4.30751216365024 2.70430094795302 6.27237940233713
1.75393042736687 2.86338623496704 4.57360257860273 4.60348359192722 5.2972904704477
4.43095659604296 1.29132900270633 4.13461122428998 1.41363626113161 4.75491361142324
2.04795519006439 2.36916039604694 3.1901530129835 4.16890847263858 5.06528636294502
4.78948123054579 1.53796256519854 1.02201855508611 0.930734834400937 4.44575996880353
4.78718267870136 4.07904551597312 0.699811109807342 0.185140878893435 7.54307696077156
1.91773847327568 3.85409828741103 0.20404732436873 3.47363351844251 6.36716209725513
0.5755954538472 3.23129990487359 3.62188923638314 0.226044440641999 4.88665873736409
0.286501044174656 1.6493549302686 2.157062580809 4.87382581806742 2.96651461683829
1.15136471693404 2.79586310032755 0.459226645762101 0.316520559135824 4.83816488465459
0.0511405407451093 4.56111053703353 2.79382399981841 3.72026364784688 5.5105061046017
0.186519761336967 1.41627763048746 3.70936332619749 0.894582879263908 2.79734710043496
0.921402330277488 2.43524895166047 3.99777189129964 2.07331840065308 4.47011527092037
4.10820265999064 4.23719057813287 1.25402129022405 4.19089634669945 7.43055004292748
2.84477114444599 1.76991445943713 4.83050131588243 2.80451211379841 4.61004049322118
3.00942112575285 3.38132215314545 3.81183044286445 1.76181899267249 6.49501748629779
1.13375400891528 0.799112879903987 3.8768411858473 2.12751295883209 2.89032709119923
3.82737062987871 2.38349809893407 0.786571243079379 2.83642209949903 5.14474882510395
2.06304253195412 4.46809458895586 0.179289177758619 2.92132630012929 7.17555973599608
3.18038642290048 4.37378111877479 3.41002337518148 3.5682602331508 7.46858915716698
1.85369375511073 1.73735807766207 2.92210374376737 0.0037131947465241 4.1135126914719
1.17701989482157 0.278241613414139 2.03728886554018 3.73574459576048 2.33340375702247
3.66512583103031 0.336238706950098 2.57397820358165 2.03258983558044 3.12436185221299
3.2584897428751 4.09541341825388 3.93259636475705 3.94848911790177 6.94514172257475
1.32732758997008 0.860558678396046 3.01574345096014 2.29137698304839 3.29921946414289
0.596677124267444 2.21696804277599 0.717666384298354 4.50881436932832 4.04029868198007
3.72997975209728 1.65581368491985 3.2517954823561 2.50833209254779 4.63535277632789
4.9114448367618 3.77287494949996 1.45643664407544 4.8252817732282 6.92607286158414
1.18876974913292 2.71017504506744 0.939497598446906 4.80633024591953 5.04997305887482
4.3267181806732 2.8144343115855 2.0249619462993 4.00921970489435 6.27823619777342
1.37082002940588 0.678989954758435 2.77637916733511 0.763930587563664 2.64756592022096
1.07531773042865 2.68034431268461 1.64146978408098 3.1850792246405 4.70469961168489
4.66415289207362 1.38525800895877 1.16818371694535 3.60175203182735 4.75941457920422
4.13262299844064 2.94050435186364 0.346038680290803 0.740849199937657 5.91621019410173
2.51026304555126 2.06994562060572 3.33568820962682 0.206039056647569 4.84896233159147
4.41008231486194 3.59268652857281 4.33535683434457 3.61506065004505 6.82669426600952
3.21315462002531 4.83529191580601 3.69828169932589 1.36223310604692 7.79808837424939
0.929758910788223 4.88901926204562 4.79774798965082 1.46040053572506 7.04682529567547
3.76310966326855 4.4282506313175 4.04898381675594 4.80007968959399 7.2443603857362
4.6305354393553 4.14289043284953 4.22039133612998 1.06845855712891 7.43281614159509
0.814022120321169 3.35592037066817 1.97490697610192 1.32961429189891 5.30142872571593
1.69699031743221 2.6046829984989 3.62704619881697 3.62994096009061 4.8293492588631
0.88448861381039 1.24358578352258 3.24387601343915 1.92023841664195 2.68366274847163
0.981782862218097 2.52818726934493 1.64438784471713 1.41835278831422 4.46517790695679
4.92714603198692 4.15844750939868 1.95807611104101 2.20089355483651 7.3129075862925
2.20325878239237 1.53092904132791 0.39166720234789 0.300475526601076 3.89227114422659
1.68121233349666 0.063514809589833 4.23663380788639 1.97043555090204 2.40739900962287
1.21406688936986 3.7842380523216 0.62918697251007 4.31013382039964 5.7507612615512
1.59663963597268 2.90487324935384 4.74361891974695 3.90559980063699 5.29331065981955
0.650194368790835 3.230607570149 0.512483795173466 3.60329865245149 5.09997781914873
3.31242797779851 4.58767582895234 0.375626577297226 4.08936759922653 7.61040311238278
0.457162073580548 4.93117250967771 0.87677190429531 2.72688843193464 6.57094344196646
1.25964558101259 1.4716790872626 0.870134485885501 2.9618125082925 3.65382616382937
3.20941543439403 2.40847893524915 1.065038589295 4.63508537970483 5.0156479838508
2.80746351461858 1.08603271655738 4.58769162069075 4.82079110573977 3.94425805229392
2.98775827162899 0.76642363332212 0.68596959579736 1.87541562132537 3.60562126302012
4.77385551668704 3.64730578614399 2.37760520190932 4.43780715228058 6.87687928932921
1.05555461719632 3.26676159049384 0.251881696749479 3.12243065796793 5.43942344110466
3.93288232386112 3.9295217639301 3.88742808485404 1.20859631453641 6.58808808255394
0.361620580079034 3.36529768886976 3.87362575856969 4.12651253165677 5.00921297577656
0.521481692558154 0.858119463082403 2.67807904281653 2.53299971926026 2.69937012874883
1.10793538042344 0.276655612979084 4.98850214877166 4.78884693933651 2.25577316167295
2.9002399276942 1.78825618699193 0.80533004947938 3.7289996270556 4.28253090622853
4.0234010736458 0.781883290037513 0.684021909255534 0.139550099847838 3.7459472725637
4.25490375026129 1.8132154061459 4.1421142721083 4.35516700264998 4.98243843191124
2.54997168900445 1.32428184850141 3.57644980889745 0.0586444872897118 4.09668461065884
1.80451610474847 2.13208541856147 1.76293153897859 3.50514547084458 4.92551607034985
3.29963153693825 4.00767634157091 4.11923778709024 2.90028942050412 7.00792767076067
2.7961384342052 4.9425321246963 3.13496538437903 2.60938499472104 7.51015200562694
0.149634125409648 3.72434812015854 4.67191836796701 1.84384658117779 4.99241176160678
3.65929165971465 2.26733997580595 2.96264720382169 1.89788205432706 5.21753490352105
1.30309840431437 2.41000134847127 4.48466723086312 2.40343890036456 4.64983890673891
0.631611591670662 2.49446231289767 2.15671765618026 3.71427070698701 4.33448151539442
3.34676325786859 1.35732557391748 0.57954715914093 4.63586308294907 4.12301403984205
4.88467968301848 0.17702916637063 2.06822737702169 4.06009023427032 3.1418598092867
2.8173023823183 2.69269105046988 4.8323896958027 1.5259922191035 5.52517256520622
2.23725192714483 3.40452211326919 1.00582274259068 1.21183768496849 5.99009616405951
1.85655696666799 4.63818590855226 3.22018603095785 0.342495850054547 7.09273406330591
4.78870179387741 2.06607757601887 3.88064702739939 1.96344067458995 5.15134481073668
2.01294190599583 4.9544484121725 2.98095552483574 0.831607249565423 7.21026348258801
1.55802140012383 4.19928262592293 0.947570546995848 4.72667539026588 6.13534049426187
2.05710389185697 1.5037263056729 2.02622315846384 0.458684909390286 4.34870196632597
0.861961238551885 1.30308631109074 2.34123817062937 3.68008872959763 3.22657832127075
0.268230015644804 4.21888813376427 4.97420195490122 1.60559715353884 5.94339573029973
4.64973453781568 0.579086625948548 4.46652770391665 2.24447674583644 3.65476427271152
1.97889308561571 3.48083447664976 3.4402722667437 2.34748237999156 5.63484206505371
2.70895436755382 2.83468957757577 4.67744635534473 3.41128148487769 5.48845383069953
0.421285241609439 4.47290661744773 1.87142643262632 0.0301101722288877 6.21499753196075
2.52060298342258 4.50912332977168 3.63807575078681 1.68779886327684 7.31777423188595
1.50844065938145 2.45183191495016 2.9087504663039 1.58366745454259 4.99556730482255
4.14793680072762 0.321021460695192 4.00137420161627 0.333964492892846 3.40091247950145
3.29138466971926 3.06456826860085 1.7542673193384 2.23110048798844 5.72187234682007
1.09147437731735 2.42534112301655 0.99131882074289 0.412271086825058 4.28484724958799
3.71404950506985 2.19241814222187 3.38890954502858 2.0008804416284 5.16697971295735
3.51714958320372 3.27001268975437 2.04730676952749 4.42910286365077 6.21782793581832
1.42927735927515 1.54015969950706 1.0717525833752 2.59908535401337 3.39073763524115
4.34540954884142 0.816590699832886 2.21395082189701 1.78369587170891 3.88569278371502
3.02433778182603 4.06461669364944 3.3488508395385 4.49132738402113 6.54317099567182
4.08080056891777 2.32031363062561 0.84861964918673 0.61589622637257 5.4205739593881
1.98291403357871 0.72853643563576 4.49896203586832 1.13500952837057 3.13281577713441
2.50979152973741 2.03191049746238 1.73713123193011 2.68682174966671 4.42487606471145
4.75157403969206 2.71390106063336 4.84245510189794 1.07482062769122 5.98964757503272
1.97242101537995 0.819916991749778 0.97128308727406 2.64441129169427 3.26083188553636
4.17709304369055 2.09193706978112 3.03019777755253 2.08841502899304 5.32669123171281
3.77201755647548 2.21624643076211 2.09282377152704 0.298583477269858 5.26556358835057
1.14323718473315 0.147148792166263 2.22459969460033 1.08612800715491 2.20093220041909
0.952104304451495 2.31070238514803 0.971647534752265 3.77391763380729 3.75927505620745
2.80171244288795 3.97822973784059 2.33861946966499 4.07157890032977 6.7022625246225
0.0901586876716465 1.31128115928732 1.46714875241742 1.03612586623058 2.40843146726098
4.08333016210236 4.41707456135191 1.84619724517688 1.10109050641768 7.11151626362073
1.18399985018186 1.93507311982103 3.54420654242858 1.59971861285158 4.0148941402643
2.03146327869035 2.45389195741154 2.1549767756369 1.30807069828734 4.94060217891323
1.80009391857311 0.358997432049364 1.0560925223399 0.0944692001212388 2.30815703123348
4.32247393298894 2.18281173612922 0.277957111829892 1.74781628884375 5.45054984147217
2.88285358692519 2.34825108433142 4.76692208554596 4.44088801508769 5.10154430071348
4.977712581167 3.31867714761756 4.86139531829394 0.128620547475293 6.7487648134814
0.924021218670532 1.99575171340257 1.62260872428305 3.16940885153599 3.81603416891596
3.34616008214653 3.50772155681625 1.60796725424007 3.91484343912452 6.52898422314757
3.31689192331396 3.38556696777232 2.62635038350709 4.9092330026906 6.20598867834616
4.6752556937281 2.06413031788543 4.82652968261391 1.7339829984121 5.2225342350262
2.02071657171473 1.66229942813516 4.43986490136012 2.04605004400946 4.25763085041001
3.51342041394673 1.31703047198243 2.0336600812152 2.06065768725239 4.4028427706115
2.47178118443117 3.76670084893703 2.97907227533869 1.32277236669324 6.26975493456193
4.14628983242437 0.689864027081057 0.656935072038323 3.88222226756625 3.82911318674226
2.18108315486461 1.72391925007105 4.63756363489665 0.242420517606661 4.08995946109378
4.84580839867704 1.20949710952118 1.66542853577994 3.64098622463644 4.65432085301489
2.48077813768759 2.15358304907568 2.5563179096207 2.32201521517709 4.48606875738343
4.18063765740953 3.39216693304479 3.86695782188326 3.21769229485653 6.61343623164436
0.40928922011517 0.373256421880797 2.80645010061562 3.42366181779653 2.0540898911694
4.34092883486301 4.14656600914896 4.65023579541594 1.67906156857498 7.30925142623586
4.91571371792816 4.22516148420982 2.31761123635806 2.92122392333113 7.37707456942089
1.48182071163319 0.909124601166695 4.84757348895073 1.67616086197086 3.00140157929871
3.98421380785294 4.5967933780048 0.989944895263761 1.64695546030998 7.56899528930439
4.05302535626106 3.65662681753747 1.2160237703938 3.06155684869736 6.49350014677802
1.50755227310583 2.71822735085152 3.89125923276879 4.67886009602807 4.94532936791923
0.991613881196827 4.80064872303046 3.37127420934848 4.61497805546969 6.95572979042358
1.84075462631881 2.87683502421714 1.12080762162805 4.02984362677671 5.37985016907424
0.790981015888974 0.890233175596222 1.89769406220876 3.25126530253328 2.74803783923901
0.7594442833215 3.93364978139289 2.78723384952173 1.54773041023873 5.77852045036773
2.14463756186888 3.35887314169668 4.31766304653138 1.81579645723104 5.64414019422961
1.62127415416762 3.78278919029981 2.93397444067523 2.29074466391467 5.79501843227147
0.415459630312398 4.17490276158787 3.46435091574676 0.297454862156883 5.84045222518256
3.08374736574478 4.50959736015648 4.20495170401409 3.0965177284088 7.0100352199631
3.92871813150123 4.47530849487521 3.62967730732635 4.24667582614347 7.69719033771891
3.76011667773128 3.39833837701008 0.367722492665052 4.90962887997739 6.30257963431825
0.473142198752612 2.56565082469024 1.09672618680634 3.87829961720854 4.3333625915816
4.1063556924928 2.50097937183455 3.32216449547559 4.16481705266051 5.31907240739302
0.0320680462755263 2.14609799091704 3.88697949820198 4.99878518516198 3.25275348325937
0.555160397198051 0.662180582294241 2.27396270725876 1.25699520227499 2.49694926883442
1.32917976472527 2.69877298735082 3.88149160309695 0.982661914313212 4.91902918937059
3.52103493874893 0.115011064335704 2.53691041725688 1.97634052368812 3.08753580903448
4.58504354348406 3.49913622601889 2.89274347014725 2.06990528618917 6.82754861534821
2.61605010600761 4.14932916173711 0.277404980733991 4.89940419793129 6.85802177107686
3.96340725943446 0.636568525806069 4.416761478642 2.55054324166849 3.60346455916387
0.872202917234972 2.61727969977073 0.91601844294928 0.110102682374418 4.36568988369738
4.19563929433934 0.484745389549062 0.357207236811519 2.94585542869754 3.66762533587942
3.71255967882462 3.03708768100478 1.67511646403 4.28638819837943 6.18109401641284
1.05426143738441 0.1241213909816 4.22759142937139 1.50317002437077 2.00506427840598
2.07162206061184 0.57437902665697 2.09100071107969 4.8711322224699 2.88759329711036
4.51760633382946 4.77347520063631 2.78217533486895 3.74742107815109 8.02514284690693
3.14538437523879 3.3787158341147 1.86769789899699 0.533752590417862 6.41899641277476
4.22598366974853 3.85841822950169 4.56431761034764 3.24047696427442 6.74326891867646
1.87846419285052 0.18741735490039 0.208494086982682 4.97352231992409 2.53449754777433
4.80323701398447 2.79769564629532 3.72788099106401 4.84301638440229 5.96947545433542
3.2571056985762 1.62715264013968 0.63590812147595 3.88585960492492 4.31406298542544
4.51832895516418 2.34478596947156 1.66514097829349 4.59304458578117 5.58641241195853
2.85476295393892 1.63743829587474 1.31237408495508 2.68046779325232 4.66564922528407
2.55182109889574 4.15554616251029 1.587059389567 4.80338655877858 6.92107004671236
4.74677703110501 1.81039785034955 1.99349085451104 1.31596599239856 4.86189934253527
3.97471180651337 2.81393689103425 3.5861755895894 1.24297927133739 5.67072084602787
0.338269077474251 3.70918402913958 0.758616540115327 2.98351482022554 5.15599913150851
2.29656753479503 0.208207532996312 0.803794938838109 1.16932911798358 2.88644319043469
3.40663535986096 0.252069426933303 1.79315174464136 0.504618500126526 3.19669209493945
2.22937685903162 2.18269841512665 2.0746791397687 4.04847214580514 4.69903523699409
1.3453775132075 2.87508417502977 2.96792602050118 4.0832306840457 4.78889337617467
4.54838149948046 2.62917705229484 2.97082624514587 0.836698700441048 5.84421011382877
3.42736885068007 1.15510811796412 4.6673342899885 0.932662765262648 3.84868857715944
3.86652981163934 0.837801581947133 1.01270097773522 4.1342954558786 3.69532344127788
3.42717024032027 4.98450737795793 0.730823596240953 1.80862911627628 7.39869313993221
2.97879890305921 4.01792943361215 1.51904285536148 1.81888583581895 6.99495795043234
2.14480180409737 2.17703597736545 2.16575617203489 3.26217709458433 4.39773554177303
4.94581518461928 0.857097960542887 3.23714438825846 0.309552898397669 3.93916091699481
4.26207942073233 0.572704970836639 0.818177305627614 0.241596623091027 3.85460535364377
1.54359593172558 1.58863287884742 0.0196068955119699 3.72969636227936 4.00199097855694
0.134713288862258 0.575239760801196 3.91927033080719 2.5659171724692 2.16790421385179
1.18273678119294 3.90083857346326 2.54878039821051 3.73675771872513 6.03299628914571
3.64973285235465 1.21676579350606 0.268271914683282 1.03459304082207 4.17812922822337
3.40885136276484 2.88239536690526 2.77394089498557 3.85524705168791 5.78097886965531
2.46828540228307 1.83681068941951 2.36363774165511 4.13308512419462 4.52481900680149
0.0390806666109711 1.56415239674971 3.35108626168221 0.219892316963524 2.81236427746402
2.31750143226236 1.8396753561683 2.33447917969897 3.77821512869559 4.44249097684607
1.74023859901354 2.45393912075087 3.01043063751422 1.05030010687187 4.62150990815612
0.146418425720185 1.31549741025083 1.33821239811368 0.943521985318512 2.87658709073511
1.65378708508797 1.64123796275817 3.19915047846735 0.859241265570745 3.95527526537693
1.03943362715654 4.16532740578987 4.95041157235391 1.67330298572779 6.29896370258274
2.94742313213646 0.949012746568769 1.26640954054892 3.47255590138957 3.91731874109193
1.53400437789969 3.47072837757878 0.378543802071363 4.96371234068647 5.57461719308446
1.165364155313 1.5384212997742 2.68394095008262 0.180249335244298 3.42033185143727
2.17272631474771 0.000502008479088545 2.74839321151376 2.6331779290922 2.34698399354906
2.58872279664502 0.827415001112968 0.730906302342191 0.893435779726133 3.40241392033335
3.2642911397852 3.91445925459266 4.19966567191295 1.00436631473713 6.70814950724372
0.13953962828964 2.50364323612303 0.347494183806702 4.14804609492421 4.19332530450881
4.67672887723893 0.547243538312614 0.964214048581198 1.17874936200678 4.06158346739534
1.51832413394004 0.571763704065233 0.293343091616407 4.57525238511153 2.92815426615662
4.47287657880224 1.62940745707601 1.78194312378764 3.0116040748544 4.54839376135278
3.24542184127495 3.70599687215872 4.70758194569498 0.917024608934298 6.40932321631022
1.18089637369849 4.07120171468705 1.87757290434092 1.14220969844609 6.17846164043719
0.803245096467435 0.457765673054382 3.15053558326326 3.00470768124796 2.48456869741471
0.235469595063478 3.42435269267298 2.0568283519242 1.95226785144769 4.65489930597228
3.35237570456229 3.08261815225706 2.7138397784438 2.76763902977109 5.98624392050685
3.46041334792972 2.55554210627452 3.23314634151757 0.0555446941871196 5.2896217035084
2.82733898842707 0.399354173569009 3.90556719852611 0.841730848187581 2.90762317643378
2.98793865833431 1.79965357994661 3.20407029124908 0.949806525604799 4.38360720159651
2.14320274535567 0.586136762285605 3.71168370358646 1.57292842515744 3.00453614683892
2.91775644989684 0.232973297825083 3.07717119692825 3.7046479980927 3.07414962558583
0.712214525556192 1.93997295806184 1.03190409601666 4.09992841538042 4.00475482346553
0.751028535887599 4.99246755964123 4.70790161634795 4.07439865055494 6.64504402845458
1.15886772284284 3.24486121884547 1.21254770318046 4.35470028780401 5.28140993926712
2.20270087127574 1.5849361254368 0.400491725886241 0.758527511497959 4.06209649888185
0.836129314266145 1.02273271651939 4.19652379350737 4.50263004633598 2.89145670133358
4.82842980185524 1.4452110521961 1.29022404318675 0.543855256401002 4.45431945609368
2.73636973346584 1.53552528354339 3.27043242170475 3.84458864922635 4.20918993675293
2.58151899208315 0.832726318622008 0.316086697857827 1.16331361350603 3.48165470055276
0.889659080421552 4.06185355386697 4.79322236846201 3.47486739745364 5.62910736762476
3.36253255256452 0.281239139148965 2.02523070038296 4.69642466166988 3.35628066456945
1.88702530227602 1.11921547213569 3.43995339935645 3.29879281693138 3.67787481559762
3.980732858181 0.923221245175228 0.812744324794039 4.61493209120817 4.07659843335623
1.07884137076326 4.91690491093323 4.61053830222227 4.4627485529054 6.48957410510103
0.596134799998254 1.04309022077359 4.36116914032027 4.28220836212859 3.20527036269477
1.37332691345364 4.58804842550308 4.32605348993093 2.57983172195964 6.75198125524054
4.16070353123359 1.10321977874264 1.70780799118802 0.0533886044286191 4.23815461684337
2.72443723864853 0.616091873962432 4.54914847039618 4.81161786592565 3.7830639763578
2.46695777517743 4.98178150737658 4.07227130257525 2.18053508666344 7.67862368043953
4.06388296512887 0.419661437626928 3.03586120135151 0.720495996065438 3.38938888726086
4.0203231794294 3.21773755946197 2.82171022961847 2.37391627742909 6.2078184849793
3.44906029989943 1.84935090597719 0.9560955921188 3.05336164543405 4.75276182963185
1.10115836607292 3.1841007899493 3.25459088897333 0.198806985281408 5.02947373308265
4.38262891140766 3.85400098515674 2.18758285278454 4.20004472136497 7.01786723800343
4.85551562160254 0.842629547696561 2.65198744600639 4.69402478891425 4.08018991323494
0.0251725816633552 1.75634793471545 1.06029753573239 4.59241060423665 3.38285117321635
4.11003803368658 3.82873087306507 2.78112112311646 3.28077441081405 7.12066336257286
1.71968562877737 1.56938117812388 2.89120265166275 2.11126442416571 3.93736519376764
4.80028864578344 4.05856856959872 4.64680201956071 1.54390215058811 7.46231053167023
4.44686481147073 3.20369702414609 3.43113255570643 2.52547343843617 6.19770025726689
3.70122824679129 1.36305305641145 2.47113017481752 1.25085475970991 3.87838857499566
0.267670940374956 1.24748214147985 4.91990976501256 4.35948509606533 2.57552293597922
2.22338687977754 2.60661524138413 4.91979037411511 4.74586098222062 5.28083665639924
3.70749538997188 4.14147411589511 4.84293728368357 2.04405644559301 7.1985745996223
3.53366505936719 4.40627623233013 4.366830753861 3.46604261547327 7.22924725809323
4.52472095261328 0.17340635182336 0.11580417631194 3.5438202356454 2.79235801318524
2.7459054638166 4.0877596300561 4.04749190085568 0.681330242659897 6.91272776737493
3.757878880715 4.02883383794688 2.5943329394795 3.14536340534687 7.11794468435729
4.59877796587534 2.81034920131788 0.321107547497377 4.21109792310745 5.75979660989677
0.453643759246916 4.80758687714115 1.82595609221607 4.18240933446214 6.41533320346437
1.25635415664874 1.43140480853617 3.99854650953785 2.92586074559949 3.45712637368021
0.857528975466266 2.50240060617216 1.53834830038249 4.7946978372056 4.45691791442005
0.576527259545401 0.192961471620947 0.438150229165331 4.66615544632077 1.60920727752146
2.21676443936303 1.44816752290353 4.78983710403554 4.04651313670911 3.96942532523645
3.67718437919393 0.50309031503275 0.908053558086976 0.695480847498402 3.65322253510557
1.40047504450195 4.8750479076989 3.54880837607197 3.77050554845482 6.6546151490297
0.818809863412753 2.31212331680581 4.01339286356233 1.25180823612027 3.94000663698312
0.106595313409343 4.4853331730701 3.64066213951446 4.06144783133641 6.08593043765166
1.59705384983681 0.0342307914979756 3.83356386912055 0.886775671970099 2.52764084698586
3.99915109272115 2.92361626168713 3.93878583912738 0.763836614787579 5.97541666083719
4.40940895583481 4.36031001270749 1.78237419459037 3.04851400549524 7.23637989107118
2.28399665909819 1.42084941733629 3.58815053943545 2.37876413506456 3.790889942475
3.18825892871246 1.83522645616904 1.76455126143992 4.08971940050833 4.40766883688963
0.236807753099129 2.92951503070071 4.9394286936149 3.98365804227069 4.35041030986637
2.96870299149305 2.90123091661371 3.51871626218781 0.0164412916637957 5.59156107598113
0.0547525391448289 2.89777905214578 2.21410529338755 4.90366833168082 4.14618055304482
4.45270633674227 0.85351470974274 1.0057284112554 3.39867247384973 3.95068871346781
4.69963264185935 3.3905245445203 2.21173173515126 3.64979470381513 6.67300141719207
1.23883500462398 1.73282058909535 4.20672186999582 0.0210309529211372 3.97869699330148
3.61602271674201 3.11153017333709 0.414555679308251 2.18306252500042 6.03575251012939
0.0081706524360925 1.63603094872087 1.99787845718674 0.995968835195526 2.85603929502915
4.5830338622909 0.771205438068137 2.75332126882859 4.4536358944606 3.76025205088954
4.26447638543323 2.22724827704951 4.63078783126548 3.43042944441549 5.30770594442201
1.00380430114456 1.10627161571756 0.0135224871337414 1.95866290247068 3.19842003117287
4.47641205857508 2.9338737775106 2.81281930743717 2.29506151285022 6.30936789709951
4.87055066158064 3.39927644236013 4.63761667720973 3.55860069510527 6.79592230036284
0.444304315606132 3.75756001798436 3.00478912773542 3.77507891738787 5.44406298817492
3.02703064400703 1.44818163709715 4.06473322305828 2.96931214281358 4.26348661317414
1.4509113272652 1.80089590139687 2.07078799023293 4.09038309939206 3.77731210078796
4.99062871094793 1.47408217773773 1.68235770775937 1.88517472124659 4.58972602416558
0.779872577404603 4.67511497321539 1.97343423380516 0.457054680446163 6.93741811322542
4.76134013268165 3.98827863507904 0.129175309557468 3.93338548368774 6.97539121109865
0.0522160355467349 1.53531111776829 1.00008026347496 4.30970660410821 2.86721289010656
2.4647193425335 1.03185682906769 1.90347466850653 2.07372157252394 3.49596169182975
0.359671785263345 0.370023512514308 0.630703362403437 2.64171108370647 2.04378288822955
0.870119091123343 0.109294499270618 1.11574676353484 3.76568174455315 2.05066765401797
3.22575501166284 2.98989834613167 2.13169833878055 4.32054413482547 5.78133339748491
1.19624285725877 3.89005697448738 2.56612509954721 4.26840264233761 6.05365173709842
2.88957299664617 0.288504473865032 2.64070470700972 4.50430074473843 2.99236742100672
0.751736760139465 3.48725830903277 2.13994274847209 1.50720114586875 5.59024978711249
2.52775709377602 4.38949489733204 0.684396832948551 1.92722965497524 7.04310018282736
3.77314532641321 3.2019925955683 2.02389101847075 4.27714528981596 6.06070414239821
0.238373092142865 4.97865538694896 4.92356442380697 3.43792809522711 6.87872698324476
1.15929874125868 3.29880191828124 0.883252231869847 2.55802724277601 5.11217464408338
4.2593126418069 3.61672755563632 0.410794084891677 1.61258799722418 6.50944157823495
0.981862442567945 3.41872192570008 4.53413389390334 4.60551947937347 5.19896566454626
0.498686813516542 0.712482009548694 2.3232280917 2.98103421228006 2.32701882519655
1.98753474047408 3.08322899625637 0.469110766425729 2.82975859357975 5.68473859131894
3.96448090206832 3.91857982729562 3.1675000465475 1.16877666907385 6.91965351354864
1.35263669188134 4.17747476720251 0.0279174000024796 4.85020516556688 6.55562688260807
3.49907190422527 1.30004396545701 0.662739000981674 0.766638081986457 4.23446908434998
1.91420453251339 3.21708993869834 2.35801090719178 0.917439765762538 5.6121758324753
2.56982471444644 0.874115846818313 2.06600879086182 0.507347363745794 3.88574087691664
4.01751244324259 1.90864126430824 2.51231709611602 2.4569512763992 4.85318720774948
3.07647801470011 2.73525602649897 3.65036452538334 4.48871019296348 5.39506375586459
4.13521531387232 2.47271749773063 4.47139446972869 0.317191706271842 5.14863268666662
3.73827523551881 4.02794242836535 3.80614249035716 0.532413780456409 6.93257605801233
2.13792030583136 1.21808202704415 1.30648565478623 0.7689587213099 3.50933459252512
4.57760934950784 0.877350567607209 1.48094688891433 3.25111302896403 3.97787938007779
0.301636296790093 4.70557621098123 4.93050853372552 0.682903421111405 6.55131299679114
4.03854372445494 3.9743403554894 0.694666070630774 0.272886133752763 6.99301224682545
2.11654167156667 0.498475610511377 2.42239529732615 1.57264856039546 3.12098230938128
4.76593261235394 2.33237103326246 4.65705426875502 1.95082496153191 5.32083419826002
3.45144267310388 1.24519921373576 2.6835365826264 4.0044541133102 4.23262303689832
2.03188249841332 3.93759698607028 3.47379765938967 2.75927666109055 6.45243806922777
4.70782273449004 2.40733801503666 3.3500240824651 2.51132606295869 5.69754953465005
2.98675363766961 3.20593144395389 3.55744272936136 3.38632011669688 6.2135161371669
4.55538538168184 1.63249622797593 3.88525285874493 3.96338077494875 4.7007853698666
2.30664828326553 1.47845644853078 4.16880202828906 4.72948471899144 4.09804635320437
0.400183546589687 2.52076810807921 1.7019033851102 1.03717807680368 4.11966563212021
0.115479083033279 3.08856548159383 2.79590922407806 1.25506895594299 4.35833640707789
0.369400188792497 2.07791435532272 4.48672378552146 0.380700980313122 3.65510390714121
0.210689515806735 4.23681410378776 1.14758266950957 1.16642743116245 5.32655555959454
3.58624682761729 2.05850356142037 3.91601293347776 1.20354572311044 4.56542721692039
1.86137063195929 3.50725670927204 2.37945260596462 1.24487163498998 5.80146694569858
3.13557643676177 2.99101259093732 4.43474009633064 1.30001599900424 5.56037519013405
3.64481642842293 0.876943528419361 0.260623663198203 1.58021709881723 3.93654888793952
4.83486504061148 3.44924007775262 1.76045615575276 0.944069060496986 6.66033135875396
0.068582568783313 0.463921189075336 2.2176774602849 1.6905247757677 1.78606866890384
2.06504291854799 0.251940788002685 0.149268880486488 4.08413616358303 2.90426805074862
4.0197639435064 0.223407039884478 1.05618405388668 1.51696700369939 3.28660762606004
3.14498724415898 0.105643512215465 1.11122025875375 3.4428241616115 2.68306403276852
3.18333090050146 0.168832845520228 4.93090569158085 1.82833197643049 2.6679921116374
4.81677577947266 0.299372889567167 2.90822497219779 4.86631881212816 3.61200823767421
3.70456803590059 0.202193163568154 2.14136902242899 3.63907292718068 3.22347640382652
3.65598398144357 1.02906762505881 3.97625779965892 3.209528735606 3.92404551911287
3.06981689762324 4.15745034231804 1.83619667543098 1.65003493078984 6.73083072101771
1.77206042222679 0.515238618245348 2.58467052364722 1.80074109579436 2.46538262948245
2.38243526546285 4.65847537852824 1.99935828102753 4.92585300700739 6.84117187395129
4.36898960149847 4.71309798071161 4.22426283825189 1.23014270910062 7.94748839369536
1.52200203854591 1.60111101344228 4.05809860792942 2.46351611916907 3.88193327929868
4.74419092177413 0.426115544978529 3.70806857361458 3.38884195429273 3.46096787251317
4.38263803953305 0.125259311171249 0.713523339945823 2.85502632381395 2.90942757056647
4.66804559342563 2.41992340655997 0.0578675710130483 1.6167157900054 5.55605488045024
1.31376924342476 2.41824819007888 1.96471690549515 3.80257203127258 4.31733835116144
0.997632241342217 3.08544381055981 0.704325541155413 3.48339050658979 5.03795349157199
0.443478536326438 0.0382187776267529 4.44749315036461 3.09219458606094 1.95193636019444
1.92609242512845 3.74884539050981 2.7727685822174 4.23209783155471 6.26027957425774
0.55062489816919 1.75777092110366 2.36530661233701 2.96263765660115 3.58500188498177
4.8670728795696 2.59161119232886 4.24842053907923 4.98835924081504 6.03383394594609
4.86539346165955 4.51690778369084 0.732843035366386 3.11918665305711 7.72834698435804
3.10735095641576 3.01605852786452 2.19829548266716 3.58195261331275 5.78729339285297
2.58643180131912 3.63627970800735 3.11825727112591 3.87012668303214 6.14548827287552
2.97722774092108 2.51932726241648 1.5335470077116 4.17210623505525 4.97999399363418
0.390402119373903 1.342178133782 1.99100971338339 3.85970893199556 3.3598039760495
0.192459124373272 0.301488479599357 3.14911619294435 4.74841162213124 1.87353842819874
0.890807848190889 2.75413196068257 3.23297464288771 0.259308074600995 4.93691637703291
1.88486609142274 2.79645991278812 0.370653257705271 1.78463461925276 4.99160382447412
4.93968406575732 3.79657553276047 0.897959469584748 4.56962432828732 7.04717676514168
0.67228049854748 1.01645254297182 1.95676639210433 2.46240644948557 2.7822534284634
4.71231800154783 0.165744917467237 1.80507533950731 2.23271698807366 3.17133169679501
0.0530654180329293 1.42882521031424 3.03056255797856 2.62909944402054 2.58603596333808
3.46932123182341 0.222149809123948 4.95087718823925 1.74140043091029 2.68457075987758
2.10525522590615 3.06051000370644 1.57202412374318 3.57994276331738 5.50457139232746
4.94224535766989 1.47707159630954 3.21511558606289 3.11988122412004 4.40209189410007
4.5123555441387 2.05740516190417 1.62971360608935 1.19702191790566 5.3702273546734
2.33023289707489 3.12749516218901 2.74086907622404 3.72667614137754 5.80420288092304
3.25403233990073 0.413247693795711 1.78117245901376 1.22069203411229 3.31745454799723
2.51472229836509 4.94754579034634 2.39507076563314 0.405861196340993 7.63309652170745
2.147969272919 2.00430308934301 4.60649983375333 1.61887774127536 4.4683471669148
0.420258239610121 4.80108161224052 2.25069757085294 2.24617093917914 6.47862808990477
2.04293486778624 0.706011942820624 1.67091478127986 1.41772556933574 2.84468759374529
0.769150521373376 3.88192991958931 0.0708477385342121 4.61421721847728 5.84469659649175
3.77827289397828 0.230372647056356 1.39951772638597 2.88366484921426 3.29210986614872
2.15583665529266 4.39717655186541 1.73359552514739 0.769496390130371 7.04958012237918
1.484396958258 3.96380757214502 4.00551039376296 4.39510423340835 6.17119997044288
2.11405443027616 4.07912793103606 4.22830760246143 0.377045414643362 6.48164996538243
2.37839537090622 0.574626146117225 0.11384783196263 3.60028594266623 3.23205330926667
4.94321554899216 3.01604134612717 2.75787837570533 1.77179664489813 6.00400428003852
3.77757835318334 0.735629965784028 1.34746457333677 2.9754324874375 3.78829833961531
0.173609782941639 2.90108712855726 1.88873047940433 1.34596309973858 3.89953626090398
4.83386050444096 1.25790077727288 0.832115625962615 3.5714311490301 4.08871133468354
1.5895259345416 1.49071790627204 0.680888104252517 1.0871849686373 3.81354342698886
1.648843891453 1.92369859432802 4.63418375933543 0.563582278555259 3.86040114446161
1.97558225831017 4.26588623551652 4.44031274761073 1.39515426941216 6.63979926841102
4.31091362028383 3.7224979349412 0.842159186722711 4.19220367446542 7.04978797902123
2.33072329079732 4.02875151834451 2.47946338844486 3.67578361998312 6.68708949548052
3.23883654433303 4.50905258068815 1.21132782660425 1.02753743296489 7.45491002752396
4.40640483051538 1.2853745277971 3.04098260588944 2.11459744838066 4.37001116305573
4.50123289250769 1.79885187069885 4.58774153026752 3.11181527678855 4.97589588733554
3.27173894969746 0.0240974791813642 2.13319027563557 2.88103324593976 2.98265962801977
0.366340854670852 3.12991203623824 0.446431607706472 1.95327122346498 4.72157882452365
1.37497817282565 2.86417054594494 2.54969941568561 2.8958968562074 5.08554963167561
4.64519886183552 4.43399195675738 1.49410176323727 2.13283662218601 7.33545467224434
0.585011999355629 0.242244108812883 0.340606541140005 0.98908279906027 2.01416769726232
0.25437131524086 1.17297158460133 3.4980602376163 0.612474918598309 2.58499251958026
1.83362897369079 2.3403322417289 0.379402866819873 1.32460665307008 4.68316230031138
4.64796941261739 4.81695008231327 4.46932620252483 1.97055301279761 7.76206968674868
1.06190820108168 3.55975009035319 0.723871055524796 0.178658014629036 5.5199280692447
0.924854455515742 2.21880162251182 2.91070820065215 2.21040135947987 4.06442567795759
3.09257952147163 2.5070364982821 4.93699383921921 3.13630338641815 5.12866441310743
2.5535354798194 2.73301923880354 3.08699376299046 0.150233170716092 5.07109459330662
2.3634944926016 4.01738678454421 4.1088143363595 0.170491774333641 6.2052802023936
4.70662655192427 3.87950494186953 1.18428407236934 3.1056026625447 6.91849289695294
3.73209316167049 0.530940588796511 2.19971986371092 3.27060202718712 3.67928146222529
4.86623477539979 1.10561924288049 0.527252062456682 1.53409177088179 4.35761046539463
2.30358454980887 0.117306639440358 2.1124963904731 3.4964623360429 3.16483769153525
0.6872261792887 4.25850642728619 4.88189193769358 0.00384980230592191 6.06406407509564
0.299473642371595 0.145595566136762 0.736954779131338 4.31575209484436 1.82206618473162
0.86181633756496 0.0174219557084143 3.28127693617716 4.26139891380444 2.09349555024397
2.97521504689939 3.01013750373386 1.43847666680813 1.19998245267197 5.90332917404781
3.41471699415706 0.515436785062775 0.884097417583689 4.33633423410356 3.68896693900445
3.96152616012841 1.64316359790973 1.53229812160134 4.52244457555935 4.58629974952873
4.52314002206549 4.46254368405789 2.4037384451367 2.49746256973594 7.60126918734332
0.344077527988702 2.72675773361698 1.95831960299984 0.541610266081989 4.45299775449626
1.79973139311187 2.41224068333395 3.57968641445041 1.24886212986894 4.71453115560083
0.965246090199798 4.74399655824527 0.530823764856905 4.79653410497122 6.37304233560335
3.96810864447616 0.760826533660293 4.87648158101365 3.96701337303966 3.95777771883154
1.59232027945109 2.62101348256692 3.83654475794174 1.7102565895766 4.84003425355524
1.18173762806691 3.57758498517796 4.96550717391074 0.651430691359565 5.70682109238397
4.29389646742493 4.92557542282157 2.51648796140216 3.66659402730875 7.9426413032868
4.5515631721355 0.855785581516102 3.42773477546871 4.44657377665862 4.07712428578303
0.869774228194728 1.85328360763378 2.0913311408367 2.77190919267014 3.95730794712742
3.33935083355755 4.4796215754468 3.52636096067727 4.98038601363078 7.48559919393687
4.01107180397958 2.96508934465237 0.702311072964221 1.18944816989824 6.14845346392464
3.93639776390046 4.51835723011754 3.79676815704443 3.60969160334207 7.58191140766542
0.851366819115356 2.2276142903138 2.61592496186495 1.06421881704591 3.75445161236307
1.51493291952647 2.4560823617503 3.11345436028205 3.39997928123921 4.94447478666576
0.646067870547995 4.48843055753969 4.86110062571242 4.7609872254543 6.44838887951942
0.421674969838932 4.75648234016262 1.93776497617364 1.32263544946909 6.53568675175763
1.69792510336265 3.54551106574945 2.11842890246771 4.08834552625194 5.86006071777195
1.31541657960042 3.26786759542301 3.84305190411396 4.48390463599935 5.21255391296711
1.28163112443872 3.33049044827931 2.87609845167026 3.20503153721802 5.22972878423548
3.39894544216804 3.5986607754603 2.6335661066696 2.70027022226714 6.51635969150722
1.79557558614761 3.7672667321749 3.43897725106217 2.73316096514463 6.02359409896414
3.22803521761671 3.59713971498422 4.70453878864646 4.74885495728813 6.2165514905048
4.40586558077484 1.96318153291941 4.11403223872185 0.748544136295095 5.19641166663811
2.63794543687254 3.09979562298395 0.589479599148035 3.31408627913333 5.57029544011654
4.32112810201943 3.26139726326801 1.78000834654085 4.46252231136896 6.03001398804302
0.144536267034709 4.07274305238388 4.65107166673988 2.58069761330262 5.55225028245538
2.84669723478146 4.2045860143844 3.74992622644641 1.27034134580754 6.82659256505752
1.18342429981567 4.73603286896832 0.582523447228596 0.845829520840198 6.8933052407144
2.23840125720017 0.192797936033458 3.40983762056567 0.484542705817148 2.78967580854757
4.73094823770225 2.14362304657698 0.0324814848136157 4.59806991391815 5.24390571415348
0.227102590724826 2.01171434484422 2.92695760494098 0.214097405551001 3.65876344241046
0.470822014613077 3.95006468403153 2.33990904176608 0.689666854450479 5.42842143841903
3.00473252078518 4.10894393222407 0.173730674432591 2.50596635625698 6.94696788894993
3.72516011120752 0.0674806023016572 4.43430411745794 3.81400080746971 2.85463156844974
4.27202786435373 3.23716551531106 4.62874320335686 3.87188303400762 6.18202021431687
2.96540052280761 4.40894041093998 1.90472422051243 1.53090279200114 7.47150696527223
0.90631389291957 2.08905056468211 3.06868491112255 1.60037339432165 3.90827758898419
4.89442877937108 3.72056857333519 2.61944092693739 0.708067015511915 7.00873162594358
4.9396549211815 1.04029675829224 3.10166395851411 0.369386005913839 4.24612055258017
3.65410671336576 2.89252300397493 0.50366121227853 4.06671197619289 5.73271993073698
4.04214386362582 1.11464272718877 2.54053043550812 0.849209836451337 3.92470733017776
4.91296907770447 2.01479994342662 2.61631846544333 1.6157033178024 5.06511266606944
1.00062274141237 0.465556039707735 4.45899688871577 1.74567249719985 2.3571251722901
1.33041446097195 3.19885357515886 3.90082757803611 3.39936489006504 5.56033691554609
4.06473210896365 3.82442091475241 2.19650346436538 1.78941896883771 6.89869102950558
2.67988554784097 3.64157535601407 3.65303651546128 0.460165734402835 5.96040650481695
2.86034517223015 4.77399328025058 1.56105201225728 0.971949016675353 7.34130473847144
4.19527754420415 2.7557273558341 3.91597903799266 3.723505086964 6.18064296897611
